-21.900630950927734,-1.6294206380844116,95.4936752319336
-21.89070701599121,-1.6208491325378418,95.48868560791016
-21.87970733642578,-1.6142158508300781,95.48345184326172
-21.86967658996582,-1.6091808080673218,95.4771499633789
-21.857084274291992,-1.6006214618682861,95.47057342529297
-21.848276138305664,-1.5863810777664185,95.4649887084961
-21.839210510253906,-1.566824197769165,95.46033477783203
-21.83714485168457,-1.5460140705108643,95.45935821533203
-21.83814239501953,-1.5227150917053223,95.45973205566406
-21.83447265625,-1.4896888732910156,95.46106719970703
-21.828468322753906,-1.4434237480163574,95.46415710449219
-21.8197021484375,-1.3859853744506836,95.46902465820312
-21.810773849487305,-1.3210885524749756,95.47489166259766
-21.805862426757812,-1.2748360633850098,95.47933197021484
-21.801597595214844,-1.2479792833328247,95.48246002197266
-21.79644012451172,-1.2205100059509277,95.4858169555664
-21.794599533081055,-1.2026376724243164,95.48677825927734
-21.796009063720703,-1.19242525100708,95.48550415039062
-21.800430297851562,-1.17970609664917,95.4823989868164
-21.80637550354004,-1.1699943542480469,95.47723388671875
-21.813173294067383,-1.1623029708862305,95.4718017578125
-21.817989349365234,-1.1589405536651611,95.4665298461914
-21.823392868041992,-1.153578519821167,95.46218872070312
-21.828088760375977,-1.1501126289367676,95.45878601074219
-21.829967498779297,-1.1483712196350098,95.45576477050781
-21.831745147705078,-1.14595627784729,95.4531021118164
-21.83717155456543,-1.1413633823394775,95.45072174072266
-21.842317581176758,-1.1395041942596436,95.44833374023438
-21.843589782714844,-1.1351555585861206,95.44630432128906
-21.841516494750977,-1.134164810180664,95.44409942626953
-21.838531494140625,-1.13151216506958,95.44184112548828
-21.833763122558594,-1.1310393810272217,95.43946075439453
-21.828710556030273,-1.1313951015472412,95.43732452392578
-21.828908920288086,-1.1352033615112305,95.43466186523438
-21.834604263305664,-1.139737606048584,95.4314193725586
-21.847450256347656,-1.1553261280059814,95.42694091796875
-21.8609561920166,-1.164182424545288,95.42224884033203
-21.872234344482422,-1.1755492687225342,95.41651153564453
-21.878440856933594,-1.1936023235321045,95.40986633300781
-21.879440307617188,-1.2150685787200928,95.40404510498047
-21.88054656982422,-1.2400543689727783,95.39901733398438
-21.8826904296875,-1.2622857093811035,95.39513397216797
-21.88349723815918,-1.2709338665008545,95.39164733886719
-21.884540557861328,-1.2673165798187256,95.38827514648438
-21.88375473022461,-1.2580411434173584,95.38545989990234
-21.88389015197754,-1.2486886978149414,95.38388061523438
-21.886505126953125,-1.2409822940826416,95.38397216796875
-21.892345428466797,-1.2386643886566162,95.38550567626953
-21.89984130859375,-1.2360401153564453,95.3874282836914
-21.90303611755371,-1.2313506603240967,95.3890609741211
-21.9036865234375,-1.2235357761383057,95.39026641845703
-21.90339469909668,-1.2130653858184814,95.39016723632812
-21.90117645263672,-1.196653962135315,95.38947296142578
-21.890010833740234,-1.1733450889587402,95.38956451416016
-21.882841110229492,-1.1524189710617065,95.39014434814453
-21.877981185913086,-1.138548493385315,95.39130401611328
-21.88241195678711,-1.129133701324463,95.39273071289062
-21.861175537109375,-1.135573148727417,95.39327239990234
-21.855581283569336,-1.1295686960220337,95.39720916748047
-21.873586654663086,-1.1300899982452393,95.41817474365234
-21.87519073486328,-1.1182560920715332,95.4192123413086
-21.874670028686523,-1.0939637422561646,95.41768646240234
-21.870651245117188,-1.07568359375,95.41605377197266
-21.866552352905273,-1.0728378295898438,95.41582489013672
-21.874910354614258,-1.0810188055038452,95.40467834472656
-21.88117027282715,-1.085903525352478,95.39447021484375
-21.881528854370117,-1.0895062685012817,95.39469146728516
-21.868871688842773,-1.0862176418304443,95.38912963867188
-21.861186981201172,-1.0917391777038574,95.38365173339844
-21.887672424316406,-1.1142873764038086,95.38665008544922
-21.916107177734375,-1.1336729526519775,95.39037322998047
-21.934144973754883,-1.1419203281402588,95.39256286621094
-21.90917205810547,-1.1112377643585205,95.37874603271484
-21.89095115661621,-1.0885417461395264,95.37178802490234
-21.877946853637695,-1.081337571144104,95.37066650390625
-21.869775772094727,-1.0743029117584229,95.3700942993164
-21.87205696105957,-1.0629370212554932,95.37117767333984
-21.86592674255371,-1.038583755493164,95.36807250976562
-21.855464935302734,-1.0039873123168945,95.36592102050781
-21.90695571899414,-0.9951737523078918,95.39080047607422
-21.9021053314209,-0.9408128261566162,95.39505767822266
-21.885080337524414,-0.8941231369972229,95.39584350585938
-21.86850357055664,-0.8641106486320496,95.39568328857422
-21.846881866455078,-0.8317842483520508,95.39397430419922
-21.847089767456055,-0.8180307149887085,95.39823913574219
-21.849119186401367,-0.8126252889633179,95.40213775634766
-21.846872329711914,-0.8019716143608093,95.40463256835938
-21.835718154907227,-0.7867622375488281,95.40316772460938
-21.79955291748047,-0.7525215744972229,95.3862075805664
-21.83537483215332,-0.7675899863243103,95.39446258544922
-21.85327911376953,-0.7699028253555298,95.39200592041016
-21.83800506591797,-0.7397369742393494,95.37586212158203
-21.8343505859375,-0.7196074724197388,95.3659439086914
-21.849815368652344,-0.7217229008674622,95.36592102050781
-21.85011863708496,-0.7148835062980652,95.36209106445312
-21.837100982666016,-0.701837956905365,95.35256958007812
-21.848329544067383,-0.7087739109992981,95.34689331054688
-21.853046417236328,-0.7170564532279968,95.34781646728516
-21.855180740356445,-0.722553014755249,95.35302734375
-21.85693359375,-0.7265872359275818,95.35963439941406
-21.852306365966797,-0.7234177589416504,95.36087799072266
-21.84819221496582,-0.7155894637107849,95.35774993896484
-21.846290588378906,-0.7006045579910278,95.35179138183594
-21.84934425354004,-0.7027223706245422,95.34835815429688
-21.852994918823242,-0.7179597616195679,95.34353637695312
-21.848249435424805,-0.7226694822311401,95.33538055419922
-21.905935287475586,-0.7714595198631287,95.32898712158203
-21.89908218383789,-0.7829313278198242,95.32257080078125
-21.890962600708008,-0.791793167591095,95.31822204589844
-21.893089294433594,-0.8054710626602173,95.32317352294922
-21.89845085144043,-0.8180291056632996,95.3309097290039
-21.90080451965332,-0.8165900707244873,95.33200073242188
-21.913911819458008,-0.8272276520729065,95.33031463623047
-21.924909591674805,-0.8333134651184082,95.32823944091797
-21.932687759399414,-0.8408084511756897,95.32331848144531
-21.924467086791992,-0.8324186205863953,95.31612396240234
-21.950420379638672,-0.8379621505737305,95.32125091552734
-21.974699020385742,-0.8405504822731018,95.3271255493164
-21.976011276245117,-0.8360581994056702,95.32779693603516
-22.023908615112305,-0.856011152267456,95.33389282226562
-22.038808822631836,-0.8587974309921265,95.3365707397461
-22.034351348876953,-0.851786196231842,95.34097290039062
-22.029996871948242,-0.8453261256217957,95.34687042236328
-22.03012466430664,-0.8276235461235046,95.34603118896484
-22.03111457824707,-0.8048778176307678,95.34584045410156
-22.034364700317383,-0.7770168781280518,95.34639739990234
-22.064777374267578,-0.7654539346694946,95.35030364990234
-22.06487464904785,-0.7363186478614807,95.35311126708984
-22.050064086914062,-0.7028191685676575,95.34896087646484
-22.036941528320312,-0.6802238821983337,95.3546142578125
-22.026268005371094,-0.6654554009437561,95.36102294921875
-22.027570724487305,-0.6593303680419922,95.36693572998047
-22.04378890991211,-0.6593495607376099,95.3725814819336
-22.05695152282715,-0.6615033149719238,95.37736511230469
-22.062763214111328,-0.6654945015907288,95.37333679199219
-22.049890518188477,-0.664068341255188,95.37057495117188
-22.08510398864746,-0.6758649349212646,95.37068939208984
-22.088119506835938,-0.6713961958885193,95.36772918701172
-22.08176040649414,-0.6621494293212891,95.36396026611328
-22.100557327270508,-0.6707097887992859,95.37548828125
-22.091676712036133,-0.651032567024231,95.37251281738281
-22.073619842529297,-0.6220759749412537,95.36308288574219
-22.0850830078125,-0.6159539818763733,95.36829376220703
-22.0907039642334,-0.6020529866218567,95.37308502197266
-22.067821502685547,-0.5908756852149963,95.36874389648438
-22.0609188079834,-0.5672215223312378,95.36961364746094
-22.080575942993164,-0.5565752387046814,95.37643432617188
-22.082563400268555,-0.5352152585983276,95.3804931640625
-22.076675415039062,-0.4973051846027374,95.3844223022461
-22.10117530822754,-0.47010454535484314,95.39161682128906
-22.106910705566406,-0.4352433383464813,95.38944244384766
-22.089557647705078,-0.3943088948726654,95.38569641113281
-22.109853744506836,-0.39558693766593933,95.40050506591797
-22.10907745361328,-0.38849446177482605,95.40040588378906
-22.10743522644043,-0.38424405455589294,95.39942169189453
-22.085758209228516,-0.37561437487602234,95.39231872558594
-22.097896575927734,-0.3743830621242523,95.3988037109375
-22.104366302490234,-0.3688046634197235,95.3982162475586
-22.13341522216797,-0.35709288716316223,95.39260864257812
-22.158899307250977,-0.3396775424480438,95.3838119506836
-22.153736114501953,-0.31961092352867126,95.37252044677734
-22.152915954589844,-0.31044086813926697,95.36844635009766
-22.159961700439453,-0.3110294044017792,95.37420654296875
-22.15864372253418,-0.31225112080574036,95.37347412109375
-22.15448760986328,-0.31270620226860046,95.37318420410156
-22.131391525268555,-0.30649110674858093,95.36155700683594
-22.098478317260742,-0.298738569021225,95.3431167602539
-22.085124969482422,-0.29006609320640564,95.33442687988281
-22.099706649780273,-0.2842453420162201,95.3460693359375
-22.120420455932617,-0.2808367908000946,95.36100006103516
-22.126083374023438,-0.27575966715812683,95.36114501953125
-22.131683349609375,-0.2938177287578583,95.36871337890625
-22.132884979248047,-0.3222576081752777,95.37654876708984
-22.13552474975586,-0.35944971442222595,95.3812484741211
-22.140336990356445,-0.3819889724254608,95.3819808959961
-22.147171020507812,-0.3968757092952728,95.37161254882812
-22.151247024536133,-0.4162823259830475,95.36482238769531
-22.153236389160156,-0.4335332214832306,95.3659439086914
-22.16253662109375,-0.45172521471977234,95.37064361572266
-22.187620162963867,-0.47570154070854187,95.3770980834961
-22.204042434692383,-0.49432358145713806,95.3807373046875
-22.197650909423828,-0.49953219294548035,95.36599731445312
-22.18796730041504,-0.5028741359710693,95.34886169433594
-22.182504653930664,-0.5080628991127014,95.34117126464844
-22.18449592590332,-0.5176276564598083,95.33980560302734
-22.170602798461914,-0.5328498482704163,95.35035705566406
-22.162782669067383,-0.5455389618873596,95.3593521118164
-22.15970230102539,-0.5563709139823914,95.36515045166016
-22.15803337097168,-0.5682826042175293,95.37065887451172
-22.161069869995117,-0.5779862403869629,95.37303924560547
-22.160276412963867,-0.5735248923301697,95.37236022949219
-22.137285232543945,-0.543547511100769,95.36128997802734
-22.122880935668945,-0.5424659848213196,95.3595199584961
-22.118122100830078,-0.5511847138404846,95.36266326904297
-22.12126922607422,-0.5640701055526733,95.35768127441406
-22.12582778930664,-0.5750195384025574,95.35134887695312
-22.12525177001953,-0.5811567902565002,95.35243225097656
-22.1176700592041,-0.5888959169387817,95.35804748535156
-22.112422943115234,-0.59751957654953,95.36295318603516
-22.111967086791992,-0.6033987998962402,95.363037109375
-22.111581802368164,-0.6081222295761108,95.3617172241211
-22.08580207824707,-0.5970647931098938,95.35138702392578
-22.083698272705078,-0.6088557839393616,95.33416748046875
-22.073698043823242,-0.6203457713127136,95.33043670654297
-22.062068939208984,-0.6318718194961548,95.32942199707031
-22.050809860229492,-0.6422991156578064,95.3286361694336
-22.039541244506836,-0.6538291573524475,95.32759857177734
-22.031387329101562,-0.6633766889572144,95.32463073730469
-22.07416343688965,-0.693148136138916,95.33587646484375
-22.088838577270508,-0.7020979523658752,95.33951568603516
-22.084209442138672,-0.6995365023612976,95.33815002441406
-22.050458908081055,-0.68009352684021,95.32612609863281
-22.051746368408203,-0.6951953768730164,95.3147964477539
-22.04981803894043,-0.7018290162086487,95.30840301513672
-22.046527862548828,-0.6957768797874451,95.30668640136719
-22.044750213623047,-0.6756468415260315,95.3090591430664
-22.044239044189453,-0.6581604480743408,95.3073959350586
-22.04245948791504,-0.6368804574012756,95.30656433105469
-22.03728675842285,-0.6046720743179321,95.30690002441406
-22.077423095703125,-0.5877252817153931,95.33236694335938
-22.06743049621582,-0.5356033444404602,95.33661651611328
-22.02675437927246,-0.4876039922237396,95.33662414550781
-22.012744903564453,-0.4614647328853607,95.32964324951172
-22.00229263305664,-0.4473479092121124,95.32169342041016
-21.992610931396484,-0.42663368582725525,95.32160949707031
-21.985055923461914,-0.4041649401187897,95.32709503173828
-21.976940155029297,-0.3901567757129669,95.3265380859375
-21.971881866455078,-0.3832339942455292,95.32201385498047
-21.972793579101562,-0.3807689845561981,95.3159408569336
-22.01881217956543,-0.4064108431339264,95.33126831054688
-22.030948638916016,-0.41275086998939514,95.32881927490234
-22.0358943939209,-0.4171355068683624,95.32356262207031
-22.03038215637207,-0.431022971868515,95.31816864013672
-22.027067184448242,-0.44144341349601746,95.314697265625
-22.01797866821289,-0.4457605183124542,95.31158447265625
-22.008962631225586,-0.45120880007743835,95.30964660644531
-22.011741638183594,-0.4604320228099823,95.31629180908203
-22.01434326171875,-0.46570971608161926,95.31486511230469
-22.05060386657715,-0.48272886872291565,95.3161849975586
-22.08662986755371,-0.5014663934707642,95.31706237792969
-22.07966423034668,-0.4846537411212921,95.30562591552734
-22.06947898864746,-0.46825656294822693,95.29383850097656
-22.0635986328125,-0.46839311718940735,95.28462982177734
-22.064599990844727,-0.4767783582210541,95.28155517578125
-22.064311981201172,-0.49179068207740784,95.27518463134766
-22.059024810791016,-0.5159103870391846,95.26861572265625
-22.063642501831055,-0.5373315215110779,95.26829528808594
-22.065629959106445,-0.5672085881233215,95.26815795898438
-22.0633602142334,-0.5953889489173889,95.26708221435547
-22.114120483398438,-0.6539016962051392,95.28203582763672
-22.120220184326172,-0.6810786724090576,95.2833251953125
-22.088346481323242,-0.6927964687347412,95.2745361328125
-22.064477920532227,-0.6879322528839111,95.26524353027344
-22.06464385986328,-0.6818729043006897,95.26079559326172
-22.07046890258789,-0.6758265495300293,95.2593765258789
-22.072467803955078,-0.66690593957901,95.2602310180664
-22.068164825439453,-0.6604307889938354,95.27252960205078
-22.069561004638672,-0.6627379059791565,95.28053283691406
-22.07388687133789,-0.6711658835411072,95.2809066772461
-22.095197677612305,-0.7018255591392517,95.288330078125
-22.129106521606445,-0.7449368834495544,95.29976654052734
-22.12311553955078,-0.7664927244186401,95.29380798339844
-22.112762451171875,-0.7847692370414734,95.28251647949219
-22.13135528564453,-0.8045157790184021,95.27386474609375
-22.176116943359375,-0.8247392773628235,95.27214813232422
-22.2264347076416,-0.8564321398735046,95.26852416992188
-22.308578491210938,-0.9169486165046692,95.263916015625
-22.42567253112793,-0.9760819673538208,95.2607650756836
-22.596202850341797,-1.020895004272461,95.2746810913086
-22.765438079833984,-1.0349150896072388,95.29055786132812
-22.90381622314453,-1.022748351097107,95.29832458496094
-23.016971588134766,-0.9771847724914551,95.30452728271484
-23.115238189697266,-0.8963273763656616,95.3083267211914
-23.231647491455078,-0.8300103545188904,95.31519317626953
-23.369173049926758,-0.7956240773200989,95.32443237304688
-23.500041961669922,-0.773132860660553,95.33405303955078
-23.607580184936523,-0.7446990013122559,95.34879302978516
-23.727937698364258,-0.6843233704566956,95.3598861694336
-23.844011306762695,-0.6164916753768921,95.37083435058594
-23.99538230895996,-0.5709733963012695,95.39763641357422
-24.109548568725586,-0.516140878200531,95.42135620117188
-24.16063690185547,-0.41852062940597534,95.4260025024414
-24.213579177856445,-0.33068835735321045,95.42728424072266
-24.30217933654785,-0.286959707736969,95.43658447265625
-24.402740478515625,-0.24601119756698608,95.44987487792969
-24.51544189453125,-0.19815689325332642,95.45693969726562
-24.63702964782715,-0.14381146430969238,95.4614486694336
-24.764928817749023,-0.09074747562408447,95.46700286865234
-24.886306762695312,-0.02598971128463745,95.4732894897461
-25.00848388671875,0.04784685745835304,95.48579406738281
-25.171598434448242,0.11609835177659988,95.5134506225586
-25.307146072387695,0.21019424498081207,95.53630828857422
-25.439525604248047,0.3131861686706543,95.5513916015625
-25.609756469726562,0.3876122236251831,95.5657958984375
-25.787446975708008,0.44086477160453796,95.58722686767578
-25.999662399291992,0.5165340900421143,95.61849975585938
-26.21602439880371,0.580222487449646,95.64527130126953
-26.448680877685547,0.6462985277175903,95.66967010498047
-26.73671531677246,0.7164173126220703,95.70368194580078
-27.058561325073242,0.7921319603919983,95.74050903320312
-27.423744201660156,0.8811567425727844,95.7824478149414
-27.789825439453125,0.9940115213394165,95.81300354003906
-28.183744430541992,1.095418095588684,95.84651184082031
-28.643756866455078,1.1558822393417358,95.8941879272461
-29.1533203125,1.206964373588562,95.94613647460938
-29.72072982788086,1.2763521671295166,95.99739837646484
-30.388824462890625,1.3217090368270874,96.07701873779297
-31.11429214477539,1.3496063947677612,96.15992736816406
-31.89249610900879,1.3524720668792725,96.25275421142578
-32.76334762573242,1.3190808296203613,96.3739013671875
-33.611656188964844,1.3202168941497803,96.48818969726562
-34.513916015625,1.3356008529663086,96.62272644042969
-35.432373046875,1.383055567741394,96.774658203125
-36.37894058227539,1.4442768096923828,96.9522933959961
-37.34720993041992,1.503624677658081,97.15675354003906
-38.293983459472656,1.568291425704956,97.37244415283203
-39.253082275390625,1.6081373691558838,97.5993423461914
-40.21563720703125,1.6404482126235962,97.84300994873047
-41.16021728515625,1.6767317056655884,98.10545349121094
-42.10661315917969,1.6993597745895386,98.3818359375
-43.09161376953125,1.6968281269073486,98.68981170654297
-44.1080436706543,1.6721864938735962,99.02912139892578
-45.0783805847168,1.6816214323043823,99.3611068725586
-46.04627227783203,1.7089797258377075,99.71573638916016
-47.017860412597656,1.7474621534347534,100.09112548828125
-47.96186065673828,1.8244682550430298,100.47807312011719
-48.93404006958008,1.896527647972107,100.90657043457031
-49.90131759643555,1.975158929824829,101.35551452636719
-50.836822509765625,2.062326431274414,101.8036117553711
-51.793766021728516,2.111937999725342,102.27110290527344
-52.75362777709961,2.14046311378479,102.74755096435547
-53.65177917480469,2.182194471359253,103.21186065673828
-54.54193878173828,2.2108895778656006,103.68531036376953
-55.41653823852539,2.242725133895874,104.1645736694336
-56.26776885986328,2.281879186630249,104.64798736572266
-57.09540557861328,2.3349170684814453,105.13871765136719
-57.882869720458984,2.424360752105713,105.63075256347656
-58.64775848388672,2.518078088760376,106.12964630126953
-59.38570785522461,2.6100895404815674,106.63107299804688
-60.1052131652832,2.6888914108276367,107.1306381225586
-60.84077072143555,2.734640121459961,107.63896942138672
-61.48348617553711,2.8167994022369385,108.13054656982422
-62.06573486328125,2.9172258377075195,108.58690643310547
-62.62105941772461,2.9991867542266846,109.0406494140625
-63.1576042175293,3.0679242610931396,109.49143981933594
-63.67262268066406,3.119389295578003,109.94084930419922
-64.1734848022461,3.160416841506958,110.40713500976562
-64.6821060180664,3.200242042541504,110.87261962890625
-65.19166564941406,3.231400728225708,111.33328247070312
-65.69567108154297,3.268887519836426,111.79132080078125
-66.15320587158203,3.345552682876587,112.22767639160156
-66.6104507446289,3.421024799346924,112.65907287597656
-67.0747299194336,3.474344491958618,113.08978271484375
-67.51470947265625,3.531200885772705,113.51780700683594
-67.93135833740234,3.6026694774627686,113.93765258789062
-68.32805633544922,3.691330671310425,114.34294128417969
-68.71195983886719,3.7926692962646484,114.73688507080078
-69.07522583007812,3.9052469730377197,115.12660217285156
-69.40826416015625,4.0248026847839355,115.512451171875
-69.69145965576172,4.139847755432129,115.88700866699219
-69.99488830566406,4.25614595413208,116.28968048095703
-70.25900268554688,4.4239501953125,116.64541625976562
-70.5592041015625,4.533154487609863,117.01178741455078
-70.85879516601562,4.638487339019775,117.37519073486328
-71.15774536132812,4.736395359039307,117.73584747314453
-71.45855712890625,4.8188042640686035,118.09493255615234
-71.7354965209961,4.88877534866333,118.43437194824219
-71.98271179199219,4.956295967102051,118.7279052734375
-72.20072174072266,5.009777545928955,118.98320770263672
-72.3552474975586,5.08302116394043,119.18864440917969
-72.52323150634766,5.1227803230285645,119.37752532958984
-72.63385009765625,5.154988765716553,119.51271057128906
-72.7089614868164,5.180080413818359,119.61133575439453
-72.78012084960938,5.2107253074646,119.69924926757812
-72.85311126708984,5.2347846031188965,119.78667449951172
-72.92619323730469,5.26604700088501,119.8714370727539
-72.99602508544922,5.33419942855835,119.95759582519531
-73.11537170410156,5.357778549194336,120.0950698852539
-73.2342758178711,5.370394706726074,120.2230453491211
-73.34764862060547,5.372354984283447,120.34703826904297
-73.4393539428711,5.389377117156982,120.46532440185547
-73.52222442626953,5.438620090484619,120.58665466308594
-73.60333251953125,5.510115623474121,120.7148208618164
-73.68927001953125,5.552754878997803,120.84465789794922
-73.75934600830078,5.571856498718262,120.95301055908203
-73.79668426513672,5.586398601531982,121.02580261230469
-73.79850769042969,5.598231792449951,121.06826782226562
-73.81352996826172,5.576328754425049,121.10371398925781
-73.82469177246094,5.550769805908203,121.13302612304688
-73.83555603027344,5.52361536026001,121.16165924072266
-73.91461181640625,5.449271202087402,121.20597839355469
-73.9483871459961,5.402441501617432,121.23401641845703
-73.9486312866211,5.382602214813232,121.24382019042969
-73.97574615478516,5.335035800933838,121.25590515136719
-73.99019622802734,5.285247802734375,121.27616119384766
-74.0003662109375,5.242790222167969,121.29354095458984
-74.00328826904297,5.213397979736328,121.30860900878906
-73.97534942626953,5.204134464263916,121.30516052246094
-73.96080780029297,5.195570945739746,121.32546997070312
-73.94977569580078,5.185405731201172,121.3434066772461
-73.92862701416016,5.1799774169921875,121.34800720214844
-73.87445068359375,5.194168567657471,121.33930969238281
-73.84925842285156,5.182243824005127,121.33696746826172
-73.86522674560547,5.137437343597412,121.34819030761719
-73.87017822265625,5.097167491912842,121.3600082397461
-73.85123443603516,5.07025146484375,121.36831665039062
-73.84416961669922,5.035081386566162,121.3798599243164
-73.86907196044922,4.978417873382568,121.40618896484375
-73.89916229248047,4.911673545837402,121.43364715576172
-73.89348602294922,4.868778228759766,121.43578338623047
-73.86609649658203,4.839399337768555,121.422607421875
-73.82687377929688,4.806038856506348,121.40674591064453
-73.79022979736328,4.769528388977051,121.39324188232422
-73.7748031616211,4.725883960723877,121.3853530883789
-73.76117706298828,4.693170070648193,121.37828063964844
-73.73448181152344,4.681583404541016,121.36790466308594
-73.72127532958984,4.669031620025635,121.36358642578125
-73.7514419555664,4.628768444061279,121.37225341796875
-73.72531127929688,4.631649494171143,121.36649322509766
-73.73885345458984,4.609416484832764,121.37808990478516
-73.78617095947266,4.569491386413574,121.40518188476562
-73.77867889404297,4.572635173797607,121.41598510742188
-73.76012420654297,4.585167407989502,121.4269790649414
-73.76786041259766,4.581330299377441,121.44879150390625
-73.76482391357422,4.585939884185791,121.45805358886719
-73.7597885131836,4.58831787109375,121.468994140625
-73.75814819335938,4.5864481925964355,121.47797393798828
-73.75569915771484,4.587813854217529,121.48997497558594
-73.78495025634766,4.563648700714111,121.52157592773438
-73.82110595703125,4.544360160827637,121.55838775634766
-73.8293685913086,4.569061756134033,121.58240509033203
-73.80594635009766,4.636720180511475,121.58656311035156
-73.79119110107422,4.694557189941406,121.589599609375
-73.79912567138672,4.731628894805908,121.60095977783203
-73.80215454101562,4.791659832000732,121.61614990234375
-73.805419921875,4.850022792816162,121.63356018066406
-73.80821228027344,4.8880391120910645,121.64786529541016
-73.81485748291016,4.9146318435668945,121.66056060791016
-73.81685638427734,4.938887119293213,121.67056274414062
-73.85327911376953,4.942237377166748,121.69356536865234
-73.89562225341797,4.944934368133545,121.71783447265625
-73.9006576538086,4.964031219482422,121.72737121582031
-73.89799499511719,4.97973108291626,121.73296356201172
-73.89215087890625,4.989482879638672,121.73526000976562
-73.89888000488281,4.998031139373779,121.73516845703125
-73.90092468261719,5.004652976989746,121.7332763671875
-73.88908386230469,5.015628814697266,121.72407531738281
-73.89419555664062,5.011597156524658,121.72210693359375
-73.8982925415039,5.0082550048828125,121.71640014648438
-73.93487548828125,4.984560012817383,121.7255630493164
-73.97557067871094,4.956293106079102,121.7392807006836
-73.98126983642578,4.952993869781494,121.74309539794922
-73.97200775146484,4.958250045776367,121.74739837646484
-73.98845672607422,4.943356037139893,121.7646255493164
-73.99830627441406,4.929378509521484,121.77177429199219
-74.00682067871094,4.913553237915039,121.77725219726562
-74.00969696044922,4.888152122497559,121.7870864868164
-74.00970458984375,4.853908538818359,121.7965087890625
-73.99797821044922,4.810793399810791,121.79779052734375
-74.00347137451172,4.7606916427612305,121.8030014038086
-74.03373718261719,4.714812755584717,121.81779479980469
-74.02238464355469,4.721426963806152,121.8147964477539
-74.01228332519531,4.712854862213135,121.81303405761719
-74.0460205078125,4.669101238250732,121.81188201904297
-74.04769897460938,4.645472526550293,121.8143310546875
-74.03734588623047,4.628084659576416,121.80162811279297
-74.02232360839844,4.6268391609191895,121.78685760498047
-74.01251220703125,4.630946636199951,121.77812194824219
-73.99781036376953,4.641419410705566,121.77317810058594
-74.01548767089844,4.633448123931885,121.7845687866211
-74.05154418945312,4.6162428855896,121.80486297607422
-74.04928588867188,4.619691371917725,121.80640411376953
-74.0112075805664,4.635316848754883,121.79400634765625
-74.00347137451172,4.642181396484375,121.78592681884766
-73.9974594116211,4.657229900360107,121.78077697753906
-74.00625610351562,4.662489414215088,121.78697204589844
-74.0337142944336,4.6503448486328125,121.8069839477539
-74.03944396972656,4.643988609313965,121.80660247802734
-74.04015350341797,4.6413655281066895,121.80462646484375
-74.04093933105469,4.638550281524658,121.80521392822266
-74.0404281616211,4.639005661010742,121.80165100097656
-74.0294418334961,4.643796920776367,121.78515625
-73.99148559570312,4.671009063720703,121.75983428955078
-73.99561309814453,4.671306133270264,121.74603271484375
-74.00281524658203,4.670666217803955,121.7420883178711
-73.9957275390625,4.67019510269165,121.73748779296875
-74.00565338134766,4.659839630126953,121.73233032226562
-74.01615142822266,4.655535697937012,121.72588348388672
-74.01139068603516,4.661355972290039,121.72138214111328
-74.01303100585938,4.663753986358643,121.72198486328125
-74.04853057861328,4.64891242980957,121.73841094970703
-74.04117584228516,4.6630682945251465,121.73131561279297
-74.03407287597656,4.675267219543457,121.7252197265625
-74.03352355957031,4.680964469909668,121.72521209716797
-74.03413391113281,4.69025993347168,121.72407531738281
-74.03255462646484,4.712672710418701,121.72319793701172
-74.03821563720703,4.732038974761963,121.72399139404297
-74.05350494384766,4.733427047729492,121.72846221923828
-74.0641098022461,4.734068393707275,121.73573303222656
-74.06298065185547,4.737476825714111,121.7439193725586
-74.11221313476562,4.720084190368652,121.76585388183594
-74.12274932861328,4.740842342376709,121.775146484375
-74.09135437011719,4.777945518493652,121.77428436279297
-74.09073638916016,4.830967426300049,121.79139709472656
-74.09114074707031,4.8938140869140625,121.80735778808594
-74.08483123779297,4.941836357116699,121.81647491455078
-74.07752990722656,4.966946125030518,121.81920623779297
-74.06910705566406,4.986099720001221,121.82111358642578
-74.06387329101562,4.998163223266602,121.82254791259766
-74.0602035522461,5.005627632141113,121.82118225097656
-74.06681823730469,5.014262676239014,121.8164291381836
-74.0819091796875,5.038249969482422,121.80736541748047
-74.09264373779297,5.051026344299316,121.80635833740234
-74.10610961914062,5.058809757232666,121.8183822631836
-74.11869049072266,5.063190460205078,121.82465362548828
-74.1185302734375,5.062861919403076,121.82088470458984
-74.10932922363281,5.0591254234313965,121.8140869140625
-74.09817504882812,5.051131725311279,121.81602478027344
-74.1041259765625,5.034199237823486,121.81389617919922
-74.10899353027344,5.0225396156311035,121.81330108642578
-74.11370086669922,5.017698764801025,121.81607818603516
-74.11784362792969,5.019514560699463,121.81785583496094
-74.08120727539062,5.035639762878418,121.81011199951172
-74.06135559082031,5.047288417816162,121.79962921142578
-74.04911804199219,5.053771018981934,121.7889404296875
-74.04469299316406,5.048559188842773,121.78606414794922
-74.03035736083984,5.033799171447754,121.77545928955078
-74.01995086669922,5.0107502937316895,121.76548767089844
-73.99626922607422,5.00604772567749,121.74565887451172
-73.98966217041016,4.9942545890808105,121.73735809326172
-74.00886535644531,4.973039150238037,121.75387573242188
-74.01224517822266,4.959735870361328,121.75962829589844
-73.99385833740234,4.972376823425293,121.75849914550781
-73.96757507324219,4.988435745239258,121.75330352783203
-73.96755981445312,4.966887474060059,121.75653839111328
-73.9627685546875,4.952565670013428,121.75883483886719
-73.95472717285156,4.944444179534912,121.75739288330078
-73.94465637207031,4.943593502044678,121.7544937133789
-73.9286880493164,4.950305461883545,121.75330352783203
-73.94483184814453,4.940920352935791,121.76363372802734
-73.97966766357422,4.923042297363281,121.77865600585938
-73.9736099243164,4.934534549713135,121.78311920166016
-73.9566650390625,4.949372291564941,121.78324127197266
-73.9460678100586,4.961475849151611,121.7856674194336
-73.94197082519531,4.960269927978516,121.78955078125
-73.91900634765625,4.966052532196045,121.78385162353516
-73.90776062011719,4.957386016845703,121.78646087646484
-73.91362762451172,4.943382263183594,121.79402923583984
-73.90805053710938,4.934075355529785,121.79602813720703
-73.88246154785156,4.929682731628418,121.79271697998047
-73.89066314697266,4.911133766174316,121.80418395996094
-73.9078369140625,4.887572765350342,121.82138061523438
-73.90345001220703,4.882983207702637,121.8108901977539
-73.88878631591797,4.874850749969482,121.79157257080078
-73.87580108642578,4.851868152618408,121.782958984375
-73.83497619628906,4.831340789794922,121.76323699951172
-73.81027221679688,4.810804843902588,121.7463150024414
-73.79695892333984,4.7796549797058105,121.74095153808594
-73.78340148925781,4.741556644439697,121.73872375488281
-73.7795639038086,4.695651054382324,121.73944091796875
-73.77323913574219,4.6450042724609375,121.7388687133789
-73.73681640625,4.608210563659668,121.7253646850586
-73.72887420654297,4.551516056060791,121.7181625366211
-73.74197387695312,4.483294486999512,121.7147216796875
-73.72708892822266,4.4340620040893555,121.70179748535156
-73.71246337890625,4.378129482269287,121.69003295898438
-73.6814956665039,4.334340572357178,121.67456817626953
-73.70233154296875,4.25834321975708,121.67632293701172
-73.68143463134766,4.212390422821045,121.66790008544922
-73.65592956542969,4.176831245422363,121.65728759765625
-73.63031768798828,4.134899616241455,121.65567779541016
-73.60391235351562,4.076295852661133,121.6624984741211
-73.59391021728516,4.049842357635498,121.65613555908203
-73.57054901123047,4.016566276550293,121.64061737060547
-73.5469970703125,3.9669270515441895,121.62741088867188
-73.53411865234375,3.9153294563293457,121.62747192382812
-73.49104309082031,3.856382131576538,121.62572479248047
-73.48898315429688,3.7939839363098145,121.63961791992188
-73.47508239746094,3.7498936653137207,121.65065002441406
-73.49674224853516,3.7054622173309326,121.6778564453125
-73.50619506835938,3.675494432449341,121.6990737915039
-73.46781921386719,3.668363571166992,121.70377349853516
-73.40983581542969,3.684119701385498,121.695556640625
-73.39820098876953,3.683192253112793,121.70051574707031
-73.38362121582031,3.6812422275543213,121.71583557128906
-73.37335205078125,3.674069404602051,121.73501586914062
-73.35133361816406,3.676563262939453,121.74764251708984
-73.33436584472656,3.66629695892334,121.76325988769531
-73.33982849121094,3.598874092102051,121.7927017211914
-73.3547592163086,3.535086154937744,121.81929779052734
-73.36038970947266,3.4796111583709717,121.84246063232422
-73.34664154052734,3.4477643966674805,121.86073303222656
-73.31829833984375,3.4353408813476562,121.88021087646484
-73.31551361083984,3.430326461791992,121.90872192382812
-73.27389526367188,3.4503023624420166,121.92350769042969
-73.22384643554688,3.4772074222564697,121.93608093261719
-73.15573120117188,3.4926812648773193,121.94857025146484
-73.07830047607422,3.4978907108306885,121.95726013183594
-73.01667785644531,3.515239953994751,121.95930480957031
-72.99002838134766,3.505955696105957,121.96729278564453
-72.93730926513672,3.485787868499756,121.97154235839844
-72.85916137695312,3.4773950576782227,121.97076416015625
-72.75018310546875,3.4401354789733887,121.975341796875
-72.68199920654297,3.425493001937866,121.96796417236328
-72.59449768066406,3.399268627166748,121.9574966430664
-72.47208404541016,3.365971565246582,121.9446792602539
-72.37686157226562,3.3499624729156494,121.92213439941406
-72.26363372802734,3.3532497882843018,121.89231872558594
-72.1114730834961,3.3357760906219482,121.85922241210938
-71.92597198486328,3.279534339904785,121.82987976074219
-71.79157257080078,3.343919038772583,121.75871276855469
-71.58992004394531,3.362642288208008,121.68045043945312
-71.35517883300781,3.370046615600586,121.59687042236328
-71.1627197265625,3.40805983543396,121.50628662109375
-70.9098129272461,3.380556106567383,121.41191101074219
-70.7148666381836,3.4045052528381348,121.30436706542969
-70.52515411376953,3.4377939701080322,121.18534088134766
-70.29708099365234,3.4415223598480225,121.06362915039062
-70.04119110107422,3.4252755641937256,120.94754028320312
-69.80989837646484,3.43308162689209,120.83589172363281
-69.53659057617188,3.37534761428833,120.74385833740234
-69.25524139404297,3.322726249694824,120.65213775634766
-68.98651123046875,3.3281424045562744,120.54380798339844
-68.78324890136719,3.319091320037842,120.4412841796875
-68.50425720214844,3.2237930297851562,120.32942962646484
-68.2597885131836,3.161689519882202,120.20718383789062
-68.01895141601562,3.0859122276306152,120.09070587158203
-67.77023315429688,2.9934213161468506,119.96908569335938
-67.52386474609375,2.896589756011963,119.83995056152344
-67.26239013671875,2.77907657623291,119.71287536621094
-66.97797393798828,2.535344123840332,119.60516357421875
-66.71156311035156,2.406865358352661,119.51166534423828
-66.42498016357422,2.3067967891693115,119.43013000488281
-66.15171813964844,2.2640655040740967,119.36149597167969
-65.9012451171875,2.2656242847442627,119.29790496826172
-65.66069793701172,2.2784647941589355,119.2327880859375
-65.33037567138672,2.139836311340332,119.16063690185547
-65.04425048828125,2.1158969402313232,119.0907974243164
-64.76191711425781,2.181403875350952,119.02151489257812
-64.47492980957031,2.304997682571411,118.9552001953125
-64.17515563964844,2.4043829441070557,118.92188262939453
-63.765480041503906,2.4581329822540283,118.87299346923828
-63.36012649536133,2.6430041790008545,118.80683898925781
-62.93402862548828,2.834977626800537,118.7481689453125
-62.493167877197266,3.0931859016418457,118.68058776855469
-61.97719955444336,3.3985254764556885,118.61466217041016
-61.35586166381836,3.7557034492492676,118.56450653076172
-60.64613342285156,4.135769367218018,118.5373306274414
-59.971004486083984,4.652009010314941,118.495849609375
-59.25735092163086,5.240374565124512,118.45953369140625
-58.415245056152344,5.736026763916016,118.46189880371094
-57.54378890991211,6.277174949645996,118.47713470458984
-56.8616943359375,7.103376865386963,118.47022247314453
-56.049705505371094,7.878991603851318,118.53404235839844
-55.257869720458984,8.726639747619629,118.59693908691406
-54.373451232910156,9.551214218139648,118.69416046142578
-53.45530319213867,10.406023025512695,118.82465362548828
-52.50931930541992,11.303244590759277,118.98672485351562
-51.55160903930664,12.265204429626465,119.17803955078125
-50.54133605957031,13.208456993103027,119.42008209228516
-49.52461242675781,14.171494483947754,119.70685577392578
13.165742874145508,31.60245704650879,102.34712982177734
35.78420639038086,38.28525924682617,96.564453125
37.170780181884766,38.630428314208984,97.053955078125
39.22211837768555,39.60251998901367,97.32120513916016
40.91141128540039,40.60060119628906,97.67864990234375
42.53385543823242,41.46501922607422,98.09625244140625
44.5091667175293,42.03242111206055,98.49327087402344
46.925628662109375,42.38810729980469,98.85747528076172
48.87067413330078,43.05960464477539,99.3259048461914
50.082069396972656,43.047630310058594,99.94503021240234
52.066673278808594,43.80646896362305,100.41452026367188
54.15462875366211,44.5290412902832,100.93358612060547
55.88933181762695,44.882041931152344,101.59617614746094
57.49185562133789,45.00558853149414,102.30023956298828
59.187870025634766,45.28091049194336,102.91997528076172
60.639076232910156,45.486793518066406,103.5748519897461
61.11185073852539,44.75003433227539,104.5802001953125
64.14310455322266,45.46000671386719,104.7465591430664
65.22280883789062,45.712974548339844,105.43604278564453
65.65931701660156,44.980804443359375,106.39107513427734
66.98126983642578,44.973384857177734,107.04007720947266
68.47019958496094,44.98499298095703,107.6297378540039
69.95787811279297,44.94775390625,108.20085906982422
71.50667572021484,44.84934997558594,108.74273681640625
73.21849822998047,44.770023345947266,109.2371597290039
59.945228576660156,35.771419525146484,114.1633071899414
-10.023088455200195,-9.34453296661377,136.2845001220703
-9.783744812011719,-9.659296035766602,136.9220733642578
5.903836727142334,-5.502199172973633,139.4394073486328
11.6703462600708,-4.136097431182861,140.67063903808594
12.181666374206543,-4.315384864807129,141.35108947753906
12.670598030090332,-4.49697732925415,142.01026916503906
13.092331886291504,-4.758607387542725,142.626953125
13.440386772155762,-5.232189178466797,143.15655517578125
13.784708023071289,-5.6664347648620605,143.67689514160156
14.21262264251709,-5.957447052001953,144.1937255859375
14.739974021911621,-6.301450729370117,144.6551055908203
15.242989540100098,-6.726437091827393,145.07675170898438
15.776772499084473,-7.276158332824707,145.35313415527344
16.11185646057129,-7.9307637214660645,145.8346710205078
17.102373123168945,-8.359728813171387,145.9954376220703
17.70220947265625,-8.7627592086792,146.34579467773438
17.958948135375977,-9.261192321777344,146.8788604736328
18.393390655517578,-9.728714942932129,147.3700408935547
19.407209396362305,-10.22118091583252,147.4835662841797
19.923351287841797,-10.374300956726074,147.9100341796875
20.82953453063965,-10.567011833190918,148.2095489501953
21.61614418029785,-10.789920806884766,148.5161590576172
22.006240844726562,-11.237313270568848,148.88125610351562
22.586074829101562,-11.764677047729492,149.18911743164062
23.338987350463867,-12.231843948364258,149.43972778320312
23.54936981201172,-12.667954444885254,149.76431274414062
23.702701568603516,-13.121280670166016,150.08877563476562
6.413539886474609,-19.295082092285156,147.96800231933594
-28.28488540649414,-31.11096954345703,143.3952178955078
-29.94898796081543,-33.639652252197266,144.465087890625
-32.47240447998047,-27.321880340576172,148.27720642089844
-31.307710647583008,-26.73118782043457,144.6294708251953
-31.308998107910156,-28.332571029663086,143.6990509033203
-31.76116371154785,-29.133527755737305,145.21929931640625
-31.9648494720459,-29.079853057861328,146.36898803710938
-32.022037506103516,-30.113067626953125,145.90025329589844
-32.117523193359375,-30.844314575195312,146.0650634765625
-32.12777328491211,-30.95612144470215,147.1701202392578
-30.29542350769043,-29.68622589111328,145.37503051757812
-30.519187927246094,-30.934825897216797,145.48789978027344
-30.57054328918457,-31.38059425354004,146.87208557128906
-29.29906463623047,-30.87881851196289,145.66409301757812
-28.188444137573242,-30.443618774414062,144.58657836914062
-28.14796257019043,-30.593517303466797,144.65065002441406
-27.56406021118164,-30.689876556396484,144.8400421142578
-26.970216751098633,-30.79423713684082,145.06756591796875
-27.154491424560547,-31.071521759033203,145.7037353515625
-27.20915985107422,-31.352519989013672,145.82958984375
-26.663183212280273,-31.457815170288086,145.49891662597656
-26.555145263671875,-32.15767288208008,145.5710906982422
-26.97380256652832,-32.73744583129883,145.91604614257812
-26.753734588623047,-32.97355270385742,145.90789794921875
-26.11234474182129,-33.07636642456055,145.65859985351562
-25.84467124938965,-33.264251708984375,145.58372497558594
-25.98442268371582,-33.65167236328125,145.5589599609375
-26.042972564697266,-34.0750846862793,145.4721221923828
-25.817279815673828,-34.61025619506836,145.52688598632812
-26.056621551513672,-34.96898651123047,145.51553344726562
-26.225540161132812,-35.2755126953125,145.52691650390625
-26.355161666870117,-35.67073059082031,145.55418395996094
-26.523792266845703,-36.209129333496094,145.5364990234375
-26.412858963012695,-36.810272216796875,145.5038299560547
-26.186473846435547,-37.32296371459961,145.48704528808594
-26.356613159179688,-37.53173828125,145.48793029785156
-26.542760848999023,-37.72052764892578,145.4930877685547
-26.490633010864258,-37.99606704711914,145.6337432861328
-26.286563873291016,-38.45235061645508,145.61082458496094
-26.55570411682129,-38.62455368041992,145.46095275878906
-26.43584442138672,-38.9550666809082,145.49795532226562
-26.27357292175293,-39.335391998291016,145.5403594970703
-26.548669815063477,-39.5463981628418,145.45623779296875
-26.78193473815918,-39.76694869995117,145.50921630859375
-26.727703094482422,-40.072837829589844,145.6670684814453
-26.517242431640625,-40.43367004394531,145.62318420410156
-26.41034698486328,-40.722511291503906,145.65676879882812
-26.264976501464844,-41.0879020690918,145.69195556640625
-25.99366569519043,-41.38833999633789,145.53245544433594
-26.017562866210938,-41.691192626953125,145.48519897460938
-25.781208038330078,-42.01333236694336,145.6199188232422
-25.51557159423828,-42.3499755859375,145.4799041748047
-25.464651107788086,-42.59843826293945,145.4077911376953
-25.491744995117188,-42.85042953491211,145.55018615722656
-25.396312713623047,-43.16392135620117,145.69483947753906
-25.312564849853516,-43.49991226196289,145.55311584472656
-25.305620193481445,-43.74759292602539,145.66688537597656
-25.32716178894043,-43.9928092956543,145.78811645507812
-25.31936264038086,-44.23396682739258,145.60618591308594
-25.343109130859375,-44.38959503173828,145.57687377929688
-25.324148178100586,-44.56410598754883,145.74693298339844
-25.287504196166992,-44.726158142089844,145.96917724609375
-25.161237716674805,-44.92156219482422,145.85435485839844
-25.04113006591797,-45.11705780029297,145.9102783203125
-24.91132354736328,-45.32196044921875,146.16873168945312
-24.687538146972656,-45.53630447387695,146.190185546875
-24.668373107910156,-45.68605422973633,146.0745849609375
-24.588239669799805,-45.88288116455078,146.24139404296875
-24.49832534790039,-46.014286041259766,146.12379455566406
-24.508390426635742,-46.09355163574219,146.10401916503906
-24.581953048706055,-46.213382720947266,146.31143188476562
-24.641027450561523,-46.33137893676758,146.39332580566406
-24.685932159423828,-46.400108337402344,146.3284912109375
-24.785247802734375,-46.467262268066406,146.4659423828125
-24.86036491394043,-46.5438346862793,146.53619384765625
-24.866342544555664,-46.645084381103516,146.37168884277344
-24.900083541870117,-46.696372985839844,146.2928009033203
-24.911081314086914,-46.81085968017578,146.21133422851562
-24.83852767944336,-46.988548278808594,146.0963592529297
-24.83335304260254,-47.13340759277344,145.98817443847656
-24.824270248413086,-47.33176803588867,146.01617431640625
-24.745681762695312,-47.52870178222656,146.05357360839844
-24.638011932373047,-47.67542266845703,145.90045166015625
-24.702463150024414,-47.7971305847168,145.70948791503906
-24.690824508666992,-47.91999816894531,145.72808837890625
-24.707096099853516,-48.01613998413086,145.48973083496094
-24.7935848236084,-48.032958984375,145.36268615722656
-24.889793395996094,-48.05204772949219,145.19100952148438
-24.97872543334961,-48.10982131958008,145.01109313964844
-25.12959861755371,-48.148681640625,144.8385772705078
-25.21234893798828,-48.1903190612793,144.76104736328125
-25.205852508544922,-48.262115478515625,144.68939208984375
-25.153514862060547,-48.35700225830078,144.51708984375
-25.105792999267578,-48.432640075683594,144.373046875
-25.160654067993164,-48.45058059692383,144.31039428710938
-25.24029541015625,-48.464569091796875,144.25299072265625
-25.30876922607422,-48.441810607910156,144.20486450195312
-25.346670150756836,-48.45949172973633,144.22947692871094
-25.46640396118164,-48.46456527709961,144.06361389160156
-25.570091247558594,-48.45603942871094,144.02386474609375
-25.82884407043457,-48.440185546875,144.09263610839844
-26.14726448059082,-48.417423248291016,144.07693481445312
-26.483356475830078,-48.401676177978516,143.92115783691406
-26.833118438720703,-48.32167053222656,143.8358917236328
-27.277748107910156,-48.38188934326172,143.98947143554688
-27.674962997436523,-48.51616287231445,143.7561492919922
-28.046367645263672,-48.58177947998047,143.59201049804688
-28.38902473449707,-48.7387580871582,143.42703247070312
-28.68185043334961,-48.97464370727539,143.25927734375
-28.867862701416016,-49.24941635131836,143.0849609375
-29.110010147094727,-49.516292572021484,143.04676818847656
-29.30622673034668,-49.81309127807617,142.9662322998047
-29.42886734008789,-50.12960433959961,142.74586486816406
-29.492399215698242,-50.33823776245117,142.6256561279297
-29.607051849365234,-50.58583068847656,142.69265747070312
-29.735950469970703,-50.813934326171875,142.6372528076172
-29.883390426635742,-51.02138900756836,142.53302001953125
-29.992965698242188,-51.21847915649414,142.46018981933594
-30.10126304626465,-51.41747283935547,142.33839416503906
-30.20836067199707,-51.57686996459961,142.20726013183594
-30.28923988342285,-51.687137603759766,142.12083435058594
-30.3377685546875,-51.86866760253906,142.07583618164062
-30.36015510559082,-52.046852111816406,141.95370483398438
-30.397552490234375,-52.18973159790039,141.90122985839844
-30.420225143432617,-52.2972412109375,141.83424377441406
-30.405866622924805,-52.40442657470703,141.7475128173828
-30.373363494873047,-52.41608428955078,141.66531372070312
-30.28656005859375,-52.4798469543457,141.59658813476562
-30.192249298095703,-52.54542541503906,141.51832580566406
-30.12627410888672,-52.5312614440918,141.4508514404297
-30.081375122070312,-52.44593811035156,141.43634033203125
-30.059568405151367,-52.45718002319336,141.4398193359375
-30.05856704711914,-52.37254333496094,141.53689575195312
-30.17091941833496,-52.294471740722656,141.59983825683594
-30.305561065673828,-52.222782135009766,141.66285705566406
-30.404293060302734,-52.1262321472168,141.75694274902344
-30.53762435913086,-51.979549407958984,141.81771850585938
-30.70057487487793,-51.9113655090332,141.82423400878906
-30.83413314819336,-51.817100524902344,141.83641052246094
-30.9969539642334,-51.60602569580078,141.8445587158203
-31.138212203979492,-51.479705810546875,141.8572540283203
-31.22913360595703,-51.37884521484375,141.85910034179688
-31.2882022857666,-51.24455261230469,141.85411071777344
-31.530542373657227,-51.05180740356445,141.84197998046875
-31.522748947143555,-50.99179458618164,141.83309936523438
-31.44840431213379,-50.886192321777344,141.84571838378906
-31.39791488647461,-50.78733825683594,141.8291473388672
-31.392528533935547,-50.68087387084961,141.7626953125
-31.31072425842285,-50.705501556396484,141.7562713623047
-31.231163024902344,-50.59297180175781,141.71051025390625
-31.126333236694336,-50.49275588989258,141.6584014892578
-30.96930503845215,-50.500614166259766,141.6016387939453
-30.76874351501465,-50.34720230102539,141.58041381835938
-30.80385971069336,-50.11677169799805,141.5232391357422
-30.77608871459961,-50.02853775024414,141.47979736328125
-30.746231079101562,-50.015262603759766,141.4492645263672
-30.766510009765625,-49.69240951538086,141.4050750732422
-30.806711196899414,-49.39960861206055,141.3761444091797
-30.84351348876953,-49.24506759643555,141.35032653808594
-30.90530776977539,-48.93679428100586,141.369873046875
-30.817716598510742,-48.62605667114258,141.29925537109375
-30.77742576599121,-48.593414306640625,141.26730346679688
-30.701662063598633,-48.37192916870117,141.30670166015625
-30.72549819946289,-48.08775329589844,141.2734832763672
-30.844358444213867,-47.78635787963867,141.18695068359375
-30.868183135986328,-47.443546295166016,141.1786346435547
-30.890960693359375,-46.987640380859375,141.1495819091797
-31.005064010620117,-46.65239334106445,141.0772247314453
-31.043167114257812,-46.58817672729492,140.99330139160156
-30.933809280395508,-46.010215759277344,140.96133422851562
-30.974794387817383,-45.647335052490234,140.79046630859375
-31.035097122192383,-45.32415008544922,140.62940979003906
-31.122516632080078,-44.98493576049805,140.49659729003906
-31.170955657958984,-44.42740249633789,140.28887939453125
-31.186723709106445,-43.67494201660156,140.0604248046875
-31.2569580078125,-43.20030975341797,139.98231506347656
-31.33157730102539,-43.066078186035156,139.80923461914062
-31.283613204956055,-42.67728042602539,139.4988555908203
-31.308034896850586,-42.65187072753906,139.24981689453125
-31.317466735839844,-42.008541107177734,138.9497528076172
-31.329526901245117,-41.20166015625,138.6255645751953
-31.36322593688965,-41.078338623046875,138.3180389404297
-31.696542739868164,-40.46656799316406,138.12588500976562
-31.81608772277832,-39.8258171081543,137.75718688964844
-31.72454261779785,-39.266300201416016,137.24176025390625
-31.78286361694336,-39.04515075683594,136.8936309814453
-31.901954650878906,-38.579742431640625,136.68258666992188
-31.828731536865234,-38.10042190551758,136.2021484375
-31.6303768157959,-37.62821960449219,135.54031372070312
-31.4438533782959,-37.141849517822266,135.32554626464844
-31.49688720703125,-36.23186111450195,134.64988708496094
-31.483718872070312,-36.07828140258789,134.10287475585938
-31.462154388427734,-35.489471435546875,133.8134765625
-31.365346908569336,-34.9565544128418,133.36273193359375
-31.318998336791992,-34.74388885498047,132.84385681152344
-31.484710693359375,-34.89274978637695,132.37188720703125
-31.434688568115234,-34.09896469116211,132.09072875976562
-31.413434982299805,-33.53593063354492,131.84112548828125
-31.66952896118164,-34.39128112792969,131.62376403808594
-31.178129196166992,-32.78314208984375,132.59091186523438
-30.955236434936523,-31.31686782836914,133.00599670410156
-30.92032814025879,-30.149240493774414,133.92738342285156
-30.88922691345215,-28.902074813842773,134.96669006347656
-30.616859436035156,-28.59302520751953,135.38938903808594
-30.46259880065918,-27.408588409423828,135.9073028564453
-30.346027374267578,-26.215782165527344,136.46189880371094
-29.895483016967773,-22.802621841430664,138.5248565673828
-29.61440086364746,-20.07163429260254,139.36424255371094
-29.12372589111328,-18.731658935546875,140.34689331054688
-28.48356819152832,-15.822101593017578,141.64947509765625
-28.033390045166016,-12.088662147521973,142.85342407226562
-27.1799259185791,-7.752783298492432,144.11065673828125
-25.580595016479492,-3.3506715297698975,145.07559204101562
-22.607799530029297,0.5469423532485962,144.9784698486328
-20.01021957397461,2.50142240524292,144.95008850097656
-16.920616149902344,4.940859794616699,144.78639221191406
-13.310860633850098,8.286971092224121,144.47438049316406
-9.92978572845459,11.239498138427734,143.77056884765625
-6.517813205718994,14.786698341369629,142.58201599121094
-2.869720220565796,19.307392120361328,140.94491577148438
-0.311827689409256,23.864660263061523,138.9005126953125
0.7955150008201599,28.551698684692383,136.80018615722656
0.15350686013698578,33.35446548461914,135.3474884033203
1.126257061958313,38.49278259277344,134.4041290283203
2.5575854778289795,44.28986740112305,134.04588317871094
3.512991189956665,47.423004150390625,135.2582244873047
5.463246822357178,49.75211715698242,136.80020141601562
8.413778305053711,51.64669418334961,138.84771728515625
11.589240074157715,53.0135612487793,141.4002685546875
14.689939498901367,54.1751823425293,143.9933319091797
17.852298736572266,54.65583419799805,146.6956787109375
20.767826080322266,55.1915283203125,149.0732879638672
22.884241104125977,56.07802200317383,150.6428985595703
24.196733474731445,56.777381896972656,151.96798706054688
25.335487365722656,57.14630889892578,152.84506225585938
26.221052169799805,57.79408264160156,152.7266082763672
27.147733688354492,58.38702392578125,152.03480529785156
29.0517578125,58.65806579589844,151.5703582763672
30.70195770263672,59.71826934814453,151.37913513183594
31.110061645507812,61.561492919921875,151.40237426757812
31.47563362121582,62.71141052246094,151.1348114013672
31.966243743896484,63.6856689453125,150.57203674316406
32.293704986572266,64.74050903320312,150.1474609375
32.52912902832031,65.88221740722656,150.17276000976562
32.503807067871094,67.10758209228516,150.59498596191406
32.44910430908203,67.79515838623047,151.02798461914062
32.81602096557617,68.43504333496094,151.1337890625
33.200618743896484,68.70221710205078,150.35682678222656
33.93464660644531,68.9274673461914,149.2513885498047
34.9410514831543,69.10212707519531,148.53759765625
35.50956726074219,69.12281799316406,148.0589599609375
35.77611541748047,69.6533432006836,148.11888122558594
35.88322830200195,70.2453842163086,147.98802185058594
36.3156623840332,70.8660659790039,147.87564086914062
36.582637786865234,71.03980255126953,147.7649688720703
36.91770935058594,71.04737854003906,147.41261291503906
37.25305938720703,70.90442657470703,147.03533935546875
37.471614837646484,70.72701263427734,146.64242553710938
37.72050857543945,70.73515319824219,146.21725463867188
38.03167724609375,70.77896118164062,145.91773986816406
38.1845703125,70.60713958740234,145.84445190429688
37.99314880371094,70.52883911132812,145.6683807373047
38.1175537109375,70.51260375976562,145.5504150390625
38.37117385864258,70.5864486694336,145.3560791015625
38.813838958740234,70.61126708984375,145.21212768554688
39.00883102416992,70.54470825195312,145.03651428222656
39.08266830444336,70.35270690917969,144.87173461914062
39.21199417114258,70.12364959716797,144.73805236816406
39.50021743774414,70.06419372558594,144.51678466796875
39.88008117675781,70.0872802734375,144.2836456298828
40.02280807495117,69.90255737304688,144.18882751464844
40.097618103027344,69.67769622802734,144.11373901367188
40.41267395019531,69.70308685302734,143.86956787109375
40.267127990722656,69.5585708618164,143.7513427734375
40.064701080322266,69.364990234375,143.66546630859375
39.85340118408203,69.24401092529297,143.60301208496094
40.00408935546875,69.45113372802734,143.41494750976562
39.96696853637695,69.6429672241211,143.24964904785156
39.82599639892578,69.7803955078125,143.0894012451172
39.642112731933594,69.86294555664062,142.93218994140625
39.45670700073242,69.84393310546875,142.77462768554688
39.63925552368164,70.0482177734375,142.4795684814453
39.81298828125,70.28221893310547,142.1814727783203
39.347572326660156,70.20386505126953,142.07437133789062
39.0693473815918,70.16268920898438,141.9465789794922
39.157073974609375,70.20372772216797,141.77456665039062
39.483863830566406,70.24275970458984,141.6103057861328
39.792518615722656,70.22197723388672,141.5149688720703
40.06406021118164,70.31977844238281,141.43023681640625
40.36848068237305,70.51588439941406,141.35606384277344
40.3477897644043,70.57708740234375,141.3989715576172
40.28688049316406,70.66886138916016,141.43370056152344
33.05752182006836,66.53137969970703,143.6664276123047
24.24431037902832,61.475894927978516,146.3588104248047
29.677257537841797,66.8152084350586,144.272705078125
39.83848571777344,65.21826171875,141.02383422851562
52.854305267333984,61.42593002319336,136.9862823486328
59.02239227294922,63.889034271240234,134.62826538085938
60.031490325927734,64.79376983642578,133.5631561279297
60.286163330078125,65.0033950805664,133.42031860351562
61.090354919433594,65.33320617675781,133.16897583007812
61.708534240722656,66.658447265625,132.5753173828125
62.29900360107422,67.84286499023438,132.04168701171875
35.57695770263672,53.68717956542969,134.531494140625
28.524171829223633,48.981048583984375,136.19229125976562
27.965585708618164,48.05951690673828,136.50584411621094
27.95708465576172,47.642784118652344,136.57290649414062
27.762422561645508,47.52729034423828,136.60789489746094
27.701169967651367,47.02529525756836,136.80889892578125
27.694345474243164,47.12891387939453,136.7826690673828
27.339597702026367,47.15241622924805,136.7566375732422
27.078216552734375,47.2111701965332,136.7579345703125
21.15962028503418,45.25263214111328,138.52911376953125
14.634718894958496,43.0864143371582,140.4897003173828
13.51394271850586,42.922401428222656,140.74166870117188
16.123306274414062,44.336524963378906,139.70413208007812
27.282482147216797,45.23583221435547,136.270263671875
47.199989318847656,46.311851501464844,130.29965209960938
48.33675003051758,50.143882751464844,129.4977264404297
49.47941970825195,50.36370086669922,128.67601013183594
51.139060974121094,50.93824005126953,128.15782165527344
51.61822509765625,52.782325744628906,127.64470672607422
52.5686149597168,53.50482940673828,127.08726501464844
45.701568603515625,50.4085807800293,128.55064392089844
32.328678131103516,44.457881927490234,131.6452178955078
23.9281063079834,40.38772201538086,133.7133331298828
34.49639129638672,40.76604461669922,131.3394317626953
49.13117980957031,42.37863540649414,127.71045684814453
49.706905364990234,44.27112579345703,127.3645248413086
50.668582916259766,46.33150100708008,126.85295104980469
52.811153411865234,48.218482971191406,125.80711364746094
53.74723815917969,48.915260314941406,125.41950988769531
54.70097732543945,49.1809196472168,125.1129379272461
41.96278381347656,43.425479888916016,127.79270935058594
26.27362060546875,35.729618072509766,131.47073364257812
25.52713394165039,33.532527923583984,132.6279296875
25.63204574584961,33.19843673706055,133.07456970214844
25.753528594970703,32.73310089111328,133.40838623046875
26.03368377685547,32.07213592529297,133.9011688232422
26.31083869934082,31.41486167907715,134.43690490722656
26.449365615844727,30.858936309814453,134.95469665527344
26.60091781616211,30.247013092041016,135.5619659423828
26.8184814453125,29.758195877075195,136.21022033691406
24.28891944885254,28.842422485351562,137.01458740234375
18.993576049804688,27.462806701660156,138.02371215820312
16.13667869567871,25.914140701293945,139.31463623046875
15.693985939025879,24.195693969726562,140.88946533203125
15.432621002197266,23.375036239624023,141.66986083984375
14.964029312133789,22.333301544189453,142.52012634277344
14.33420181274414,21.586299896240234,143.8966522216797
5.190696716308594,18.58523941040039,147.14846801757812
4.710261344909668,19.6992130279541,146.1002655029297
7.601519584655762,22.528905868530273,143.94879150390625
3.610201597213745,22.1047420501709,145.7820281982422
2.4753355979919434,23.20635986328125,145.91448974609375
6.6365509033203125,26.012292861938477,143.65960693359375
6.523886203765869,26.510744094848633,145.30282592773438
4.578019618988037,26.32634735107422,145.64022827148438
5.981716632843018,26.16975975036621,144.69781494140625
5.26229190826416,25.85627555847168,145.28671264648438
4.594417095184326,25.522502899169922,146.02578735351562
3.4153547286987305,25.5725154876709,145.2276153564453
2.5217807292938232,26.302051544189453,144.3866729736328
2.3128702640533447,28.714115142822266,143.55580139160156
1.72280752658844,28.195167541503906,143.22286987304688
0.8632094860076904,26.906225204467773,143.12548828125
-0.15311333537101746,26.497238159179688,143.50997924804688
-1.1278513669967651,26.150558471679688,144.0104217529297
-0.5927081108093262,25.469253540039062,143.46559143066406
-0.9874273538589478,25.05299949645996,143.9700927734375
-1.5965238809585571,25.099254608154297,143.6602783203125
-2.233541488647461,24.65706443786621,143.22210693359375
-2.6147027015686035,24.254159927368164,142.86441040039062
-2.843956708908081,24.91322135925293,142.30149841308594
-3.470717191696167,24.185468673706055,142.20413208007812
-3.9143495559692383,23.206703186035156,142.1171875
-4.4090189933776855,22.20241928100586,142.01126098632812
-5.056474208831787,21.17642593383789,141.80577087402344
-5.580761432647705,19.914226531982422,141.5607452392578
-6.1841139793396,18.90237808227539,141.39964294433594
-7.049160003662109,18.047794342041016,141.18299865722656
-7.757242202758789,17.051267623901367,140.99411010742188
-8.256959915161133,15.93195915222168,140.8480224609375
-8.817605972290039,14.723495483398438,140.52008056640625
-9.372261047363281,13.54603099822998,140.25625610351562
-9.953343391418457,12.827783584594727,140.33029174804688
-10.678009033203125,11.6943359375,140.3127899169922
-11.274646759033203,10.477123260498047,140.31431579589844
-11.776453018188477,9.212106704711914,140.2667999267578
-12.319372177124023,7.533280372619629,140.0842742919922
-12.88107967376709,6.096799850463867,139.92921447753906
-13.285520553588867,4.958966255187988,139.7469482421875
-13.703262329101562,3.8770244121551514,139.60569763183594
-14.219047546386719,3.1788768768310547,139.71884155273438
-14.730748176574707,1.9016488790512085,139.91827392578125
-14.93929672241211,0.1975441724061966,139.62965393066406
-15.286275863647461,-1.129176139831543,139.65365600585938
-15.601662635803223,-2.2432570457458496,139.73211669921875
-15.704360008239746,-3.2774312496185303,139.70028686523438
-15.68587875366211,-4.507316589355469,139.6317596435547
-15.593599319458008,-5.834468841552734,139.55641174316406
-15.514209747314453,-6.72404670715332,139.4915771484375
-15.379240036010742,-7.528550624847412,139.32110595703125
-15.279308319091797,-8.389415740966797,139.06483459472656
-14.942160606384277,-9.506094932556152,139.36314392089844
-14.64783000946045,-10.528325080871582,139.0106658935547
-14.632741928100586,-11.0971097946167,138.72764587402344
-14.968972206115723,-12.205582618713379,138.6903076171875
-14.95146369934082,-12.2213716506958,138.50242614746094
-14.95666217803955,-12.925865173339844,138.2919921875
-14.896756172180176,-13.598856925964355,138.0463409423828
-15.16993236541748,-14.499117851257324,138.29896545410156
-15.238566398620605,-14.898062705993652,138.09906005859375
-14.717074394226074,-15.60640811920166,137.73524475097656
-14.947733879089355,-16.428218841552734,138.0523223876953
-15.1483154296875,-17.223384857177734,138.32508850097656
-15.030526161193848,-18.229799270629883,138.1112060546875
-15.174491882324219,-19.087844848632812,138.30709838867188
-15.302913665771484,-19.677377700805664,138.45440673828125
-15.303272247314453,-20.207733154296875,138.38705444335938
-15.299503326416016,-20.985849380493164,138.34796142578125
-15.722167015075684,-21.758541107177734,138.79727172851562
-15.887868881225586,-22.495908737182617,139.2352294921875
-16.06222152709961,-23.235260009765625,139.7410430908203
-16.366077423095703,-23.711511611938477,139.9386749267578
-16.6377010345459,-23.863733291625977,140.08438110351562
-16.87367820739746,-24.346555709838867,140.0308380126953
-17.188383102416992,-25.08002281188965,140.26820373535156
-17.43412208557129,-25.50690460205078,140.4888458251953
-17.415151596069336,-25.92991828918457,140.42848205566406
-17.248647689819336,-26.621028900146484,140.3166961669922
-17.47535514831543,-27.307390213012695,140.71241760253906
-17.485225677490234,-27.436939239501953,140.72447204589844
-17.360170364379883,-27.989498138427734,140.84991455078125
-17.18549346923828,-28.549057006835938,141.01980590820312
-17.076461791992188,-28.547805786132812,141.10350036621094
-17.025712966918945,-28.53678321838379,141.1096954345703
-16.924720764160156,-28.6461181640625,141.15972900390625
-16.794647216796875,-28.703824996948242,141.23365783691406
-16.83263397216797,-28.749231338500977,141.0434112548828
-16.996784210205078,-28.797605514526367,140.8574981689453
-17.273569107055664,-28.918302536010742,141.1173858642578
-17.443899154663086,-28.56058120727539,141.1493377685547
-17.26817512512207,-28.67041778564453,140.84463500976562
-17.579343795776367,-28.881366729736328,141.28732299804688
-17.653858184814453,-28.80014419555664,141.44154357910156
-17.651174545288086,-28.650936126708984,141.5169677734375
-17.65365982055664,-28.54981231689453,141.61949157714844
-17.684993743896484,-28.436927795410156,141.7848358154297
-17.780902862548828,-28.390058517456055,141.7063751220703
-18.056922912597656,-28.75487518310547,141.32040405273438
-18.22557258605957,-28.87322425842285,141.542724609375
-18.33283042907715,-28.703767776489258,141.60028076171875
-18.18691635131836,-28.761009216308594,141.49317932128906
-18.041749954223633,-28.881847381591797,141.4002227783203
-18.24422836303711,-28.796485900878906,141.6621551513672
-18.42527961730957,-28.89170265197754,141.65475463867188
-18.58106803894043,-29.06769561767578,141.56678771972656
-18.75286293029785,-29.06020164489746,141.665283203125
-18.93393898010254,-28.76231575012207,141.6956787109375
-18.894987106323242,-28.691253662109375,141.58685302734375
-19.040653228759766,-28.611560821533203,141.73193359375
-19.14131736755371,-28.287370681762695,141.81802368164062
-19.112640380859375,-27.97501564025879,141.96986389160156
-19.018585205078125,-27.661571502685547,142.1322021484375
-18.888051986694336,-27.45928382873535,142.24185180664062
-18.781187057495117,-27.379701614379883,142.26173400878906
-18.68358612060547,-27.258901596069336,142.2604217529297
-18.544309616088867,-27.06818199157715,142.27346801757812
-18.397438049316406,-26.849172592163086,142.21905517578125
-18.238950729370117,-26.58254051208496,142.19236755371094
-18.084775924682617,-26.21276092529297,142.2088165283203
-17.9216251373291,-25.835691452026367,142.19554138183594
-17.60500717163086,-25.390304565429688,142.20314025878906
-17.391305923461914,-24.91962432861328,142.27505493164062
-17.30525779724121,-24.40125846862793,142.3727569580078
-17.282175064086914,-23.82718276977539,142.4583282470703
-17.31855583190918,-23.283920288085938,142.5635528564453
-17.391916275024414,-22.73514747619629,142.7079620361328
-17.498760223388672,-22.169036865234375,142.8485870361328
-17.61253547668457,-21.628095626831055,142.96678161621094
-17.72508430480957,-21.06580352783203,143.0915069580078
-17.817007064819336,-20.576921463012695,143.14178466796875
-17.834400177001953,-20.09920883178711,143.15415954589844
-17.84792137145996,-19.621761322021484,143.13917541503906
-17.894433975219727,-19.126300811767578,143.1064453125
-17.979015350341797,-18.606521606445312,143.09466552734375
-18.106544494628906,-17.90576934814453,143.171142578125
-18.198423385620117,-17.391016006469727,143.25173950195312
-18.268306732177734,-16.884794235229492,143.27734375
-18.361276626586914,-16.403057098388672,143.33877563476562
-18.460918426513672,-15.938562393188477,143.414306640625
-18.51542091369629,-15.388167381286621,143.5253143310547
-18.533885955810547,-14.810050964355469,143.6172637939453
-18.598697662353516,-14.204255104064941,143.68443298339844
-18.722057342529297,-13.604132652282715,143.73251342773438
-18.882699966430664,-13.016485214233398,143.7999725341797
-19.11048126220703,-12.329996109008789,143.86363220214844
-19.394962310791016,-11.882719993591309,143.8267822265625
-19.59516716003418,-11.313167572021484,143.87612915039062
-19.867048263549805,-10.899968147277832,143.8367156982422
-20.114898681640625,-10.529565811157227,143.7834930419922
-20.256677627563477,-9.987247467041016,143.8992156982422
-20.343969345092773,-9.4436674118042,144.03260803222656
-20.407278060913086,-9.106581687927246,143.9688262939453
-20.396709442138672,-8.656085968017578,143.95314025878906
-20.40679359436035,-8.260295867919922,143.9399871826172
-20.535511016845703,-7.919326305389404,143.89291381835938
-20.571136474609375,-7.516633033752441,143.85354614257812
-20.616003036499023,-7.103069305419922,143.8118896484375
-20.786457061767578,-6.745933532714844,143.76104736328125
-20.95811653137207,-6.364240646362305,143.67323303222656
-21.115680694580078,-5.986513614654541,143.59742736816406
-21.2845401763916,-5.641869068145752,143.5286407470703
-21.434419631958008,-5.240933418273926,143.4324188232422
-21.564748764038086,-4.870168685913086,143.322265625
-21.684919357299805,-4.617105007171631,143.22694396972656
-21.746910095214844,-4.362466335296631,143.13694763183594
-21.703168869018555,-4.039509296417236,143.0361785888672
-21.721210479736328,-3.869535207748413,142.95187377929688
-21.80883026123047,-3.8129396438598633,142.8736114501953
-21.803028106689453,-3.7386558055877686,142.7810516357422
-21.749256134033203,-3.7094857692718506,142.73367309570312
-21.69081687927246,-3.7451233863830566,142.7270050048828
-21.618650436401367,-3.8148422241210938,142.6912841796875
-21.541418075561523,-3.914689540863037,142.67193603515625
-21.465972900390625,-4.083882808685303,142.69168090820312
-21.443952560424805,-4.281989574432373,142.68002319335938
-21.31871223449707,-4.442957878112793,142.63189697265625
-21.21665382385254,-4.587288856506348,142.6067352294922
-21.151344299316406,-4.7213850021362305,142.5955352783203
-21.095787048339844,-4.828251838684082,142.572265625
-21.047607421875,-4.931457042694092,142.57310485839844
-21.006893157958984,-5.081672668457031,142.6078338623047
-20.96137046813965,-5.176334381103516,142.65252685546875
-20.897859573364258,-5.211136817932129,142.70269775390625
-20.87777328491211,-5.336111545562744,142.71875
-20.861852645874023,-5.500354290008545,142.72421264648438
-20.845712661743164,-5.661685466766357,142.717529296875
-20.831315994262695,-5.808095455169678,142.69207763671875
-20.78516960144043,-6.07324743270874,142.63394165039062
-20.750444412231445,-6.312417030334473,142.59088134765625
-20.757835388183594,-6.494366645812988,142.53836059570312
-20.718189239501953,-6.6998724937438965,142.4542236328125
-20.52091407775879,-6.939037799835205,142.38632202148438
-20.550880432128906,-7.074394702911377,142.41973876953125
-20.611352920532227,-7.484288692474365,142.3085174560547
-20.55514907836914,-7.735175132751465,142.28944396972656
-20.56596565246582,-7.882996559143066,142.24644470214844
-20.61089515686035,-7.982168674468994,142.1898651123047
-20.601295471191406,-8.298882484436035,142.0696563720703
-20.568021774291992,-8.787775993347168,141.89254760742188
-20.776105880737305,-9.320219039916992,141.7747039794922
-20.823837280273438,-9.702703475952148,141.56434631347656
-20.537504196166992,-10.086923599243164,141.39401245117188
-20.778162002563477,-10.459482192993164,141.4314727783203
-20.92184829711914,-11.30639934539795,141.2526092529297
-21.00117301940918,-11.94444465637207,141.069091796875
-21.139842987060547,-12.31267261505127,140.9136505126953
-21.222278594970703,-13.062448501586914,140.67190551757812
-21.247182846069336,-14.019042015075684,140.3939666748047
-21.30389976501465,-14.20123291015625,140.31690979003906
-21.588523864746094,-15.371108055114746,139.83412170410156
-21.642087936401367,-15.595036506652832,139.77078247070312
-21.56250762939453,-16.37415885925293,139.6115264892578
-21.440462112426758,-17.3319091796875,139.41455078125
-21.32247543334961,-18.22011375427246,139.23809814453125
-21.296894073486328,-18.574356079101562,139.19473266601562
-21.435165405273438,-19.676908493041992,139.01380920410156
-21.554466247558594,-20.77640724182129,138.72991943359375
-21.500497817993164,-21.741403579711914,138.5238037109375
-21.26685333251953,-22.65703773498535,138.48321533203125
-21.21616554260254,-23.472043991088867,138.32093811035156
-20.926368713378906,-25.198659896850586,138.198486328125
-20.714923858642578,-26.022912979125977,138.17251586914062
-20.605884552001953,-26.866674423217773,138.1130828857422
-20.47227668762207,-28.085596084594727,138.0613555908203
-20.30531120300293,-29.344379425048828,138.04148864746094
-20.088912963867188,-30.570650100708008,138.0662841796875
-19.71556854248047,-31.571636199951172,138.25918579101562
-19.258275985717773,-33.02043914794922,138.5320281982422
-18.890295028686523,-34.42890167236328,138.82501220703125
-18.55742645263672,-35.157325744628906,139.07264709472656
-18.219633102416992,-36.893699645996094,139.70237731933594
-18.03484344482422,-37.85468292236328,140.1170654296875
-18.1541805267334,-38.659332275390625,140.3337860107422
-18.378374099731445,-39.423561096191406,140.5203399658203
-18.565610885620117,-40.15439224243164,140.7741241455078
-18.70383644104004,-41.01491928100586,141.17617797851562
-19.00263214111328,-41.377723693847656,141.3760986328125
-19.337865829467773,-42.4001350402832,141.53289794921875
-19.415014266967773,-43.013553619384766,142.00131225585938
-19.507474899291992,-43.46814727783203,142.14849853515625
-19.469661712646484,-44.02642059326172,142.2853546142578
-19.431625366210938,-44.833580017089844,142.7996368408203
-19.336557388305664,-45.593318939208984,143.2644805908203
-19.10389518737793,-46.25568771362305,143.28065490722656
-18.847911834716797,-46.78648376464844,143.29763793945312
-18.60643196105957,-47.12754440307617,143.41551208496094
-18.443578720092773,-47.71416473388672,143.87657165527344
-18.39356803894043,-49.03564453125,143.64112854003906
-18.43012809753418,-49.66544723510742,144.00994873046875
-18.35430908203125,-49.64952850341797,144.19134521484375
-17.993776321411133,-50.094940185546875,144.16976928710938
-17.9411678314209,-50.437591552734375,144.5697021484375
-18.082454681396484,-50.590362548828125,145.07444763183594
-18.014734268188477,-50.87739562988281,144.98968505859375
-17.94479751586914,-51.11383056640625,144.99005126953125
-17.886943817138672,-51.11776351928711,145.1189422607422
-17.76437759399414,-51.10041427612305,145.2576141357422
-17.67608642578125,-51.70366287231445,145.2594451904297
-17.5330867767334,-51.700294494628906,145.287841796875
-17.349834442138672,-51.43220520019531,145.34884643554688
-17.043907165527344,-51.39156723022461,145.48452758789062
-16.66181755065918,-51.522438049316406,145.67498779296875
-16.264169692993164,-51.48954391479492,145.8337860107422
-15.978177070617676,-51.15877914428711,145.820556640625
-15.696366310119629,-51.389930725097656,145.70619201660156
-15.207843780517578,-51.269775390625,145.8279266357422
-14.870227813720703,-50.77286911010742,145.8700408935547
-14.41451358795166,-50.83655548095703,145.69224548339844
-14.292223930358887,-50.70255661010742,145.7714080810547
-14.187938690185547,-50.542945861816406,145.90750122070312
-13.769027709960938,-50.55788803100586,145.83889770507812
-13.647275924682617,-50.582366943359375,145.99212646484375
-13.667135238647461,-50.58012008666992,146.18910217285156
-13.554689407348633,-50.43843460083008,146.1520538330078
-13.409891128540039,-50.31357192993164,146.09510803222656
-13.235570907592773,-49.99717712402344,146.09317016601562
-13.045463562011719,-49.79045104980469,146.10922241210938
-12.851512908935547,-49.72040939331055,146.14344787597656
-12.678868293762207,-49.58579635620117,146.17498779296875
-12.520896911621094,-49.45864486694336,146.2100067138672
-12.193034172058105,-49.5472297668457,146.23556518554688
-12.1795015335083,-49.50067138671875,146.38101196289062
-12.14279842376709,-49.3378791809082,146.45433044433594
-12.208529472351074,-49.17195510864258,146.5259246826172
-12.302895545959473,-49.303436279296875,146.46205139160156
-12.303153991699219,-49.26121139526367,146.45790100097656
-12.48933219909668,-49.044490814208984,146.46995544433594
-12.690041542053223,-49.0505256652832,146.42294311523438
-12.917354583740234,-48.97239303588867,146.37904357910156
-13.143342018127441,-48.852657318115234,146.34629821777344
-13.350448608398438,-48.794349670410156,146.35935974121094
-13.556537628173828,-48.81315612792969,146.44668579101562
-13.679414749145508,-48.82890319824219,146.49215698242188
-13.813650131225586,-48.82756042480469,146.4960174560547
-13.902661323547363,-48.87396240234375,146.49522399902344
-13.963469505310059,-48.85620880126953,146.57562255859375
-13.85901165008545,-49.00791931152344,146.5846405029297
-13.735212326049805,-49.29027557373047,146.5032196044922
-13.587775230407715,-49.536094665527344,146.41256713867188
-13.48281478881836,-49.70075988769531,146.3282928466797
-13.398530006408691,-49.811336517333984,146.27194213867188
-13.299060821533203,-49.93928527832031,146.2436981201172
-13.40634822845459,-49.94362258911133,146.25198364257812
-13.553468704223633,-49.899253845214844,146.267822265625
-13.720952987670898,-49.900123596191406,146.22833251953125
-13.829833984375,-49.84954833984375,146.18023681640625
-13.920073509216309,-49.73712158203125,146.08303833007812
-13.960229873657227,-49.62037658691406,146.00111389160156
-13.935953140258789,-49.537017822265625,145.9860382080078
-13.936988830566406,-49.49497985839844,145.9374237060547
-13.917593955993652,-49.51262664794922,145.8758087158203
-13.828385353088379,-49.63077926635742,145.79063415527344
-13.913290977478027,-49.68003845214844,145.8348388671875
-13.920642852783203,-49.63204574584961,145.82131958007812
-13.87643814086914,-49.66286087036133,145.80226135253906
-13.882129669189453,-49.59497833251953,145.75942993164062
-13.951662063598633,-49.44724655151367,145.70765686035156
-14.0829439163208,-49.27085876464844,145.6499786376953
-14.277535438537598,-49.09543228149414,145.58335876464844
-14.499818801879883,-48.943092346191406,145.54222106933594
-14.669479370117188,-48.88936233520508,145.53424072265625
-14.807849884033203,-48.83881759643555,145.488037109375
-15.032855987548828,-48.840736389160156,145.4634246826172
-15.243722915649414,-48.798580169677734,145.40675354003906
-15.429858207702637,-48.721923828125,145.3264923095703
-15.55362319946289,-48.71308517456055,145.19137573242188
-15.635917663574219,-48.679630279541016,145.11087036132812
-15.715673446655273,-48.61447525024414,144.99954223632812
-15.783492088317871,-48.61672592163086,144.85589599609375
-15.813504219055176,-48.779151916503906,144.7951202392578
-15.846574783325195,-48.86572265625,144.73452758789062
-15.834373474121094,-48.88337707519531,144.7115020751953
-15.91690444946289,-48.783172607421875,144.61622619628906
-16.033191680908203,-48.66535568237305,144.518798828125
-16.139892578125,-48.53825759887695,144.38597106933594
-16.26188087463379,-48.54017639160156,144.28317260742188
-16.406496047973633,-48.54594421386719,144.2361602783203
-16.58692169189453,-48.32585906982422,144.14817810058594
-16.81951904296875,-47.94306564331055,143.99810791015625
-17.0313720703125,-47.938106536865234,143.96444702148438
-17.240541458129883,-47.7340202331543,143.9336395263672
-17.42961311340332,-47.55194091796875,143.8968048095703
-17.521677017211914,-47.33145523071289,143.76136779785156
-17.649812698364258,-46.91636276245117,143.6581268310547
-17.76092529296875,-46.727256774902344,143.50523376464844
-17.896732330322266,-46.80370330810547,143.37847900390625
-18.03582000732422,-46.75168991088867,143.33349609375
-18.188884735107422,-46.437957763671875,143.2202911376953
-18.4161376953125,-46.02602767944336,142.99220275878906
-18.701608657836914,-45.94625473022461,142.8998260498047
-18.959775924682617,-45.1605110168457,142.7869873046875
-19.260147094726562,-45.21881866455078,142.72555541992188
-19.504043579101562,-45.12015151977539,142.55941772460938
-19.6834659576416,-44.77458953857422,142.283447265625
-19.854766845703125,-44.19953155517578,141.8892059326172
-20.045034408569336,-43.63994598388672,141.4807586669922
-20.307050704956055,-43.68574523925781,141.3258819580078
-20.49622917175293,-43.24022674560547,140.99082946777344
-20.669038772583008,-42.80299758911133,140.63726806640625
-20.78731346130371,-42.3994255065918,140.2232208251953
-20.88567352294922,-41.74699020385742,139.71389770507812
-21.06571388244629,-41.32376480102539,139.29222106933594
-21.217790603637695,-40.91001892089844,138.84535217285156
-21.395566940307617,-40.45000076293945,138.38204956054688
-21.61021614074707,-39.96151351928711,137.89361572265625
-21.762577056884766,-39.28074645996094,137.2464141845703
-21.808757781982422,-38.554779052734375,136.51626586914062
-21.853195190429688,-38.16822052001953,135.99441528320312
-21.800294876098633,-37.609161376953125,135.32131958007812
-21.749774932861328,-37.131385803222656,134.6893310546875
-21.557497024536133,-36.33092498779297,133.9167938232422
-21.41022300720215,-35.89426040649414,133.3479461669922
-21.279172897338867,-35.64047622680664,132.88616943359375
-21.019559860229492,-34.980560302734375,132.1930389404297
-20.81812858581543,-34.35491180419922,131.5797882080078
-20.670164108276367,-33.888633728027344,131.0903778076172
-20.518230438232422,-33.38750076293945,130.59503173828125
-20.510011672973633,-32.717628479003906,130.2303924560547
-20.447385787963867,-32.48355484008789,130.11038208007812
-20.281034469604492,-31.934402465820312,130.1194610595703
-20.02747917175293,-31.580881118774414,130.29556274414062
-19.746543884277344,-30.7164249420166,130.81576538085938
-19.402254104614258,-29.624980926513672,131.4750518798828
-18.086124420166016,-27.1589412689209,132.6787109375
-17.216938018798828,-24.97648811340332,133.77474975585938
-17.085765838623047,-23.928857803344727,134.91188049316406
-16.850130081176758,-23.22048568725586,136.59483337402344
-16.667377471923828,-22.92294692993164,137.31884765625
-17.13349723815918,-20.794208526611328,138.28582763671875
-17.678295135498047,-18.079662322998047,139.3193359375
-16.962514877319336,-15.801420211791992,140.8074493408203
-17.121461868286133,-12.05642032623291,142.06605529785156
-16.15131378173828,-7.499302387237549,142.82664489746094
-14.361706733703613,-3.5410943031311035,143.6222381591797
-12.968323707580566,0.7102046608924866,144.03309631347656
-11.647043228149414,6.0601301193237305,143.88702392578125
-9.91761589050293,12.350859642028809,143.17422485351562
-7.927083969116211,19.408891677856445,142.1737823486328
-5.698348045349121,26.382783889770508,140.62147521972656
-4.262226104736328,32.482547760009766,139.13418579101562
-3.885065793991089,39.17842102050781,136.4035186767578
-4.691222667694092,44.55924606323242,133.8350830078125
-4.865835189819336,48.53720474243164,133.893310546875
-1.7927491664886475,52.58865737915039,134.88185119628906
2.4762308597564697,54.53141784667969,137.1190948486328
7.08485221862793,55.410484313964844,140.49842834472656
12.198212623596191,56.396583557128906,144.13409423828125
17.271106719970703,56.09719467163086,148.3842315673828
23.020355224609375,56.316287994384766,151.73973083496094
28.145450592041016,54.65557861328125,153.85997009277344
32.24660873413086,52.942359924316406,156.3649139404297
34.498023986816406,51.298912048339844,159.0958251953125
36.25132751464844,51.23502731323242,159.56729125976562
37.460079193115234,53.29830551147461,158.17510986328125
40.22631072998047,54.407291412353516,157.52987670898438
42.03142547607422,53.614933013916016,156.55152893066406
41.72726058959961,54.99904251098633,156.75559997558594
40.07147216796875,56.839595794677734,157.69992065429688
38.84409713745117,58.25019454956055,158.4680633544922
37.69339370727539,60.0898323059082,159.56072998046875
36.38512420654297,61.02776336669922,160.45445251464844
34.67039489746094,61.88418197631836,161.32261657714844
32.74416732788086,62.6302490234375,162.16592407226562
30.68266487121582,63.297935485839844,162.7141571044922
28.55983543395996,64.32202911376953,162.62657165527344
26.52437400817871,65.15303802490234,161.43064880371094
24.894041061401367,65.4008560180664,159.52487182617188
23.26300811767578,65.62730407714844,157.876953125
21.11168670654297,65.95272064208984,156.84474182128906
18.88372039794922,66.2158432006836,156.27561950683594
16.539573669433594,66.53404998779297,155.84359741210938
14.174062728881836,66.53010559082031,155.41986083984375
12.042616844177246,65.97543334960938,154.89993286132812
10.45634651184082,65.38631439208984,154.39114379882812
9.15371322631836,64.37639617919922,153.607421875
8.281791687011719,63.179100036621094,152.65293884277344
7.567086696624756,61.83377456665039,151.6623077392578
6.721352577209473,60.20501708984375,150.60330200195312
5.952480316162109,58.72964859008789,149.73272705078125
5.322737216949463,57.32600402832031,149.09593200683594
4.714927673339844,56.05327606201172,148.57681274414062
4.200199604034424,55.15889358520508,148.14036560058594
3.7239601612091064,54.475250244140625,147.84207153320312
3.1516106128692627,53.67745590209961,147.7014923095703
2.5715444087982178,52.97282791137695,147.63902282714844
1.9833840131759644,52.455650329589844,147.61952209472656
1.4758890867233276,51.885189056396484,147.64517211914062
0.891499936580658,51.333133697509766,147.72787475585938
0.35620108246803284,50.84492874145508,147.79234313964844
-0.11121471971273422,50.37384033203125,147.81307983398438
-0.5604678988456726,49.891414642333984,147.82325744628906
-0.7077240347862244,49.664634704589844,147.73976135253906
-0.8170968890190125,49.35643768310547,147.66415405273438
-0.8450599312782288,48.97590255737305,147.5907440185547
-0.7185949683189392,48.72509765625,147.51434326171875
-0.5492027401924133,48.53327178955078,147.42320251464844
-0.31844159960746765,48.3404655456543,147.33460998535156
-0.1203441321849823,48.20905303955078,147.2587890625
0.013182075694203377,48.14246368408203,147.1758575439453
0.059560567140579224,48.01326370239258,147.07203674316406
0.03552010655403137,47.86404037475586,146.929931640625
-0.005743835121393204,47.752227783203125,146.7646026611328
-0.006322359666228294,47.660926818847656,146.62045288085938
-0.03772399574518204,47.43235397338867,146.4932098388672
-0.10463092476129532,47.311641693115234,146.43446350097656
-0.167897567152977,47.18940734863281,146.4148406982422
-0.18087278306484222,46.98906326293945,146.43783569335938
-0.17991839349269867,46.82466125488281,146.44578552246094
-0.20845292508602142,46.7059211730957,146.44879150390625
-0.24725638329982758,46.601741790771484,146.45883178710938
-0.23624669015407562,46.57782745361328,146.44166564941406
-0.23223040997982025,46.6789436340332,146.43704223632812
-0.23049364984035492,46.8634033203125,146.47666931152344
-0.25891992449760437,47.03987503051758,146.47576904296875
-0.2938189208507538,47.223960876464844,146.47906494140625
-0.36782190203666687,47.3747673034668,146.52801513671875
-0.3752879798412323,47.48246765136719,146.5385284423828
-0.37398561835289,47.60917282104492,146.53147888183594
-0.38232919573783875,47.73746109008789,146.51358032226562
-0.3761504590511322,47.80730056762695,146.5143280029297
-0.3312976062297821,47.8404426574707,146.5389404296875
-0.25337573885917664,47.85424041748047,146.55496215820312
-0.13514195382595062,47.88736343383789,146.5774688720703
0.011229773052036762,47.9216194152832,146.610107421875
0.15036346018314362,47.97572326660156,146.60386657714844
0.28900662064552307,48.01151657104492,146.61984252929688
0.4335261881351471,48.0203742980957,146.6132354736328
0.5380340814590454,48.070884704589844,146.56558227539062
0.6039260625839233,48.14271926879883,146.5251007080078
0.6497533321380615,48.20606994628906,146.52371215820312
0.6927101612091064,48.294193267822266,146.52700805664062
0.7598041296005249,48.43568801879883,146.5249786376953
0.856298565864563,48.621639251708984,146.54615783691406
0.909592866897583,48.65995407104492,146.5718231201172
0.9660114049911499,48.708282470703125,146.61148071289062
1.0098966360092163,48.73876190185547,146.65650939941406
1.0367711782455444,48.76112365722656,146.705322265625
1.0892373323440552,48.74058151245117,146.74134826660156
1.0829766988754272,48.825504302978516,146.78794860839844
1.073182463645935,48.90446090698242,146.8391571044922
1.0854837894439697,48.927547454833984,146.89112854003906
1.0940860509872437,49.09190368652344,146.9422607421875
1.1667646169662476,49.310367584228516,146.95928955078125
1.1592355966567993,49.35793685913086,146.98501586914062
1.1111167669296265,49.44040298461914,146.9943084716797
1.0587397813796997,49.502925872802734,147.01754760742188
1.0040473937988281,49.578487396240234,147.04981994628906
0.9767102003097534,49.66456985473633,147.05825805664062
0.9492833614349365,49.75350570678711,147.0776824951172
0.9164824485778809,49.8292350769043,147.12083435058594
0.9245522022247314,49.84703063964844,147.15296936035156
0.9736160635948181,49.99626541137695,147.19650268554688
1.0267173051834106,50.16136932373047,147.2367706298828
1.0205023288726807,50.1780891418457,147.2536163330078
0.9924872517585754,50.236572265625,147.2742462158203
0.9387388825416565,50.30458450317383,147.30116271972656
0.8721595406532288,50.36713790893555,147.33181762695312
0.8157927393913269,50.42912673950195,147.34654235839844
0.7101590037345886,50.50654220581055,147.3636932373047
0.6209351420402527,50.58157730102539,147.3953399658203
0.584083616733551,50.71321105957031,147.40301513671875
0.5474660992622375,50.82292175292969,147.4059295654297
0.5154873728752136,50.87212371826172,147.40306091308594
0.48851028084754944,50.85667419433594,147.39979553222656
0.44559410214424133,50.908477783203125,147.41127014160156
0.40224745869636536,50.97599792480469,147.43540954589844
0.3798394501209259,51.003692626953125,147.45254516601562
0.38398292660713196,50.984317779541016,147.4437713623047
0.3430856764316559,51.006378173828125,147.4573211669922
0.2660020887851715,51.054046630859375,147.48350524902344
0.23170486092567444,51.04800796508789,147.48817443847656
0.21377673745155334,51.09410095214844,147.50247192382812
0.22264590859413147,51.19841766357422,147.5142059326172
0.19533029198646545,51.2103157043457,147.51551818847656
0.1609119474887848,51.23035430908203,147.5308380126953
0.11842980980873108,51.24187088012695,147.54522705078125
0.05664077401161194,51.19565963745117,147.54046630859375
-0.016704410314559937,51.136226654052734,147.5336456298828
-0.14311930537223816,51.05638122558594,147.51498413085938
-0.2794710099697113,50.96138000488281,147.51068115234375
-0.3854998052120209,50.83340072631836,147.48391723632812
-0.4987970292568207,50.73472213745117,147.43701171875
-0.5957318544387817,50.65470886230469,147.4055633544922
-0.6706889867782593,50.568424224853516,147.3828887939453
-0.743253231048584,50.49079132080078,147.3677215576172
-0.8181719779968262,50.357505798339844,147.34893798828125
-0.8933130502700806,50.05557632446289,147.30227661132812
-0.9526592493057251,49.802005767822266,147.25865173339844
-0.9895169734954834,49.60693359375,147.22003173828125
-1.0085595846176147,49.39793014526367,147.18255615234375
-1.0452746152877808,49.076416015625,147.1249237060547
-1.0271692276000977,48.836483001708984,147.0650177001953
-0.9722516536712646,48.67127227783203,146.9900665283203
-0.9571373462677002,48.479469299316406,146.91021728515625
-1.0118887424468994,48.101722717285156,146.80557250976562
-1.0159448385238647,47.95732498168945,146.75997924804688
-1.0462883710861206,47.70518493652344,146.7191162109375
-1.0640400648117065,47.450828552246094,146.65187072753906
-1.0827139616012573,47.221866607666016,146.5794219970703
-1.2008379697799683,46.94944763183594,146.5186004638672
-1.1419732570648193,46.7032585144043,146.43272399902344
-1.1287298202514648,46.321319580078125,146.3517303466797
-1.1400811672210693,46.0050163269043,146.29164123535156
-1.1934654712677002,45.65562057495117,146.21083068847656
-1.2702839374542236,45.27366256713867,146.08460998535156
-1.4485496282577515,44.592926025390625,146.01412963867188
-1.513285517692566,44.36671829223633,145.9015350341797
-1.6035149097442627,43.9603385925293,145.78233337402344
-1.7119323015213013,43.56315612792969,145.66238403320312
-1.8707410097122192,43.120033264160156,145.58181762695312
-2.0599145889282227,42.52671432495117,145.5135040283203
-2.0889883041381836,41.94715881347656,145.42672729492188
-2.1762468814849854,41.39396286010742,145.38597106933594
-2.3268234729766846,40.779747009277344,145.33883666992188
-2.456150531768799,40.1715202331543,145.2471923828125
-2.5765886306762695,39.38087844848633,145.212890625
-2.68851900100708,38.57002258300781,145.1866912841797
-2.7913637161254883,37.7010383605957,145.17919921875
-2.9093704223632812,36.87310791015625,145.1970977783203
-3.078451156616211,36.09995651245117,145.29217529296875
-3.1660921573638916,35.643402099609375,145.29458618164062
-3.1973648071289062,34.92422866821289,145.36441040039062
-3.191753625869751,34.104949951171875,145.56231689453125
-3.38390851020813,33.31346130371094,145.77037048339844
-3.5146775245666504,32.61681365966797,145.8866729736328
-3.6553070545196533,31.794395446777344,146.050048828125
-3.8293964862823486,30.924013137817383,146.23562622070312
-3.9632058143615723,30.50914764404297,146.32583618164062
-4.060033321380615,29.966670989990234,146.44631958007812
-4.2999091148376465,29.34670639038086,146.62481689453125
-4.452054977416992,28.82319450378418,146.75997924804688
-4.435500621795654,28.242786407470703,146.87393188476562
-4.419877529144287,27.824264526367188,146.9484405517578
-4.595203876495361,27.218589782714844,147.1233673095703
-4.791466236114502,26.410219192504883,147.3548126220703
-4.771183490753174,25.889909744262695,147.44410705566406
-4.840275764465332,25.53941535949707,147.5581817626953
-5.012146949768066,24.910654067993164,147.6055450439453
-4.886845111846924,24.455841064453125,147.70733642578125
-4.957980155944824,24.06829261779785,147.8697967529297
-4.97127103805542,23.677621841430664,148.00608825683594
-4.886794567108154,23.365022659301758,148.06466674804688
-4.751795291900635,22.944795608520508,148.13938903808594
-5.048093795776367,22.34298324584961,148.51414489746094
-5.239278316497803,21.84088706970215,148.51681518554688
-5.336770534515381,21.414493560791016,148.59825134277344
-5.585384368896484,21.028440475463867,148.65606689453125
-5.898782253265381,20.64948272705078,148.7125701904297
-6.18696403503418,20.46016502380371,148.6970977783203
-6.442779064178467,20.158906936645508,148.8258056640625
-6.749347686767578,19.882753372192383,148.8668670654297
-6.9788360595703125,19.681196212768555,148.82432556152344
-6.729641437530518,19.611186981201172,148.82167053222656
-7.146992206573486,19.4686279296875,148.97341918945312
-7.525640487670898,19.163089752197266,148.86622619628906
-7.657888889312744,19.01852798461914,148.70411682128906
-7.897469520568848,18.929277420043945,148.47970581054688
-8.147225379943848,18.89219093322754,148.22335815429688
-8.37055778503418,18.861682891845703,148.00845336914062
-8.53677749633789,18.840347290039062,147.8154296875
-8.730523109436035,18.875619888305664,147.46725463867188
-8.816899299621582,18.840803146362305,147.13900756835938
-8.678557395935059,18.828584671020508,146.8210906982422
-8.52138900756836,18.76055145263672,146.53872680664062
-8.63990592956543,18.55385971069336,146.42434692382812
-8.698610305786133,18.397539138793945,146.23219299316406
-8.708951950073242,18.371315002441406,145.97813415527344
-8.715710639953613,18.286191940307617,145.69760131835938
-8.626837730407715,18.199953079223633,145.42367553710938
-8.453696250915527,18.162153244018555,145.21812438964844
-8.483123779296875,18.127063751220703,145.07386779785156
-8.419808387756348,18.04916000366211,144.91355895996094
-8.224491119384766,18.046541213989258,144.88076782226562
-8.032975196838379,18.048934936523438,144.87176513671875
-7.918489933013916,17.99830436706543,144.85350036621094
-7.72910737991333,17.952327728271484,144.892822265625
-7.590103626251221,18.00493812561035,144.99986267089844
-7.437210559844971,17.994047164916992,145.15074157714844
-7.2646708488464355,17.93050765991211,145.30238342285156
-7.171010971069336,17.951786041259766,145.40956115722656
-7.143796443939209,17.949527740478516,145.55442810058594
-7.099216461181641,17.94123649597168,145.71575927734375
-6.957821846008301,17.98623275756836,145.85614013671875
-7.15704870223999,18.20290756225586,145.9741973876953
-7.44210958480835,18.429264068603516,146.05300903320312
-7.722158908843994,18.657974243164062,146.10755920410156
-8.013229370117188,18.875244140625,146.15011596679688
-8.318670272827148,19.05134391784668,146.17681884765625
-8.497207641601562,19.113935470581055,146.2526092529297
-8.539735794067383,19.128799438476562,146.36941528320312
-8.554879188537598,19.091758728027344,146.488525390625
-8.4395112991333,18.837261199951172,146.6102752685547
-8.086103439331055,18.59683609008789,146.81234741210938
-7.936254978179932,18.316633224487305,146.8816680908203
-7.763548851013184,18.058837890625,146.92430114746094
-7.496034622192383,17.931957244873047,146.94288635253906
-7.4989399909973145,17.563827514648438,147.0252685546875
-7.536123275756836,17.3078556060791,147.092041015625
-7.479705333709717,17.286039352416992,147.11341857910156
-7.557095050811768,17.20964813232422,147.17044067382812
-7.836993217468262,17.15032386779785,147.28509521484375
-7.894501686096191,17.114925384521484,147.363525390625
-8.173495292663574,16.823564529418945,147.5907440185547
-8.325301170349121,16.74479866027832,147.64111328125
-8.397236824035645,16.64291000366211,147.70425415039062
-8.347132682800293,16.474849700927734,147.8201446533203
-8.291732788085938,16.11410140991211,147.93170166015625
-8.350499153137207,15.563702583312988,147.93470764160156
-8.0577974319458,15.49173641204834,148.05845642089844
-7.840301513671875,15.284252166748047,148.18084716796875
-7.689309120178223,15.047503471374512,148.24343872070312
-7.6810302734375,14.621692657470703,148.18963623046875
-7.783446311950684,14.284344673156738,148.25372314453125
-8.000009536743164,13.932259559631348,148.26658630371094
-8.204568862915039,13.65518569946289,148.1701202392578
-8.324885368347168,13.449803352355957,148.1194610595703
-8.406978607177734,13.204596519470215,148.0704803466797
-8.534903526306152,12.93297004699707,147.9617462158203
-8.681073188781738,12.399478912353516,147.73580932617188
-8.677637100219727,11.998735427856445,147.62330627441406
-8.715455055236816,11.749452590942383,147.5054931640625
-8.776629447937012,11.26093578338623,147.31532287597656
-8.82823371887207,10.792940139770508,147.14486694335938
-8.994729995727539,10.209203720092773,146.9382781982422
-9.178308486938477,9.789704322814941,146.78163146972656
-9.385032653808594,9.436342239379883,146.6607208251953
-9.7048921585083,8.780675888061523,146.47520446777344
-10.102180480957031,7.924866676330566,146.2313690185547
-10.488426208496094,7.251507759094238,146.00308227539062
-10.83769702911377,6.282334804534912,145.74856567382812
-11.205636024475098,5.544995307922363,145.5388946533203
-11.325043678283691,4.893137454986572,145.36195373535156
-11.558676719665527,3.964991569519043,145.18637084960938
-11.786670684814453,3.044902801513672,145.03189086914062
-11.974241256713867,2.069115400314331,144.8470001220703
-12.160000801086426,1.056645154953003,144.67465209960938
-12.336726188659668,0.0769372209906578,144.54672241210938
-12.558789253234863,-1.0489861965179443,144.46507263183594
-12.789255142211914,-2.2288577556610107,144.41636657714844
-12.931604385375977,-3.3639118671417236,144.45135498046875
-13.075804710388184,-4.736831188201904,144.45567321777344
-13.212552070617676,-6.240976810455322,144.465576171875
-13.34866714477539,-7.462364196777344,144.61907958984375
-13.272919654846191,-8.087006568908691,144.73764038085938
-13.310628890991211,-9.198629379272461,144.82589721679688
-13.280084609985352,-10.338003158569336,144.90049743652344
-13.185598373413086,-11.653828620910645,145.16143798828125
-13.129185676574707,-12.473891258239746,145.38543701171875
-13.149620056152344,-13.451143264770508,145.6273193359375
-13.20561695098877,-14.428024291992188,145.8648681640625
-13.440408706665039,-15.58497428894043,146.107421875
-13.401596069335938,-16.491376876831055,146.24618530273438
-13.614365577697754,-17.311460494995117,146.477783203125
-13.979304313659668,-18.077884674072266,146.68783569335938
-14.316863059997559,-18.68866729736328,146.7528839111328
-14.725275993347168,-19.60662078857422,146.83367919921875
-15.132001876831055,-20.372291564941406,146.88450622558594
-15.48054313659668,-20.986610412597656,146.87960815429688
-15.835362434387207,-21.625202178955078,146.92703247070312
-16.268009185791016,-22.381650924682617,147.16213989257812
-16.397146224975586,-22.84760284423828,147.20697021484375
-16.43563461303711,-23.609018325805664,147.2497100830078
-16.58000946044922,-24.414499282836914,147.46044921875
-16.630014419555664,-25.09521484375,147.61952209472656
-16.5410099029541,-25.71613121032715,147.63516235351562
-16.364370346069336,-26.610055923461914,147.5363311767578
-16.28327751159668,-27.424413681030273,147.63909912109375
-16.262592315673828,-27.95583724975586,147.70265197753906
-16.074542999267578,-28.535869598388672,147.6103973388672
-16.09072494506836,-29.11442756652832,147.6808624267578
-16.184064865112305,-29.48060417175293,147.75514221191406
-16.19687843322754,-29.775209426879883,147.73048400878906
-16.10243034362793,-30.14112663269043,147.6476593017578
-16.319211959838867,-30.499052047729492,147.6746063232422
-16.486494064331055,-30.768999099731445,147.67697143554688
-16.658308029174805,-31.12422752380371,147.71408081054688
-16.703819274902344,-31.31058120727539,147.72964477539062
-16.770511627197266,-31.25246810913086,147.72007751464844
-16.63995361328125,-31.519935607910156,147.6207733154297
-16.607946395874023,-31.6053409576416,147.6826934814453
-16.6170711517334,-31.703784942626953,147.80517578125
-16.476226806640625,-31.800155639648438,147.9078826904297
-16.125988006591797,-31.915176391601562,147.99172973632812
-16.135971069335938,-31.957569122314453,148.27061462402344
-15.989630699157715,-31.912687301635742,148.3900146484375
-15.85178279876709,-31.963897705078125,148.4800262451172
-15.744643211364746,-32.10701370239258,148.56341552734375
-15.636380195617676,-31.922466278076172,148.67152404785156
-15.535615921020508,-31.83458137512207,148.751708984375
-15.444897651672363,-31.851213455200195,148.80564880371094
-15.392168998718262,-31.617023468017578,148.80130004882812
-15.205556869506836,-31.49574851989746,148.89364624023438
-14.824324607849121,-31.359716415405273,148.936767578125
-14.716567039489746,-31.231924057006836,149.03443908691406
-14.509002685546875,-30.97999382019043,148.9984130859375
-14.266627311706543,-30.743961334228516,148.9591827392578
-14.012285232543945,-30.53797721862793,148.9375
-13.790464401245117,-30.19710922241211,148.83189392089844
-13.48258113861084,-29.940704345703125,148.7449188232422
-13.126325607299805,-29.724348068237305,148.671630859375
-12.818854331970215,-29.479129791259766,148.6118621826172
-12.492927551269531,-29.23046875,148.56149291992188
-12.120755195617676,-29.030742645263672,148.5185089111328
-11.761570930480957,-28.804502487182617,148.4623565673828
-11.517210006713867,-28.50322151184082,148.43328857421875
-11.298678398132324,-28.233379364013672,148.38211059570312
-11.100406646728516,-28.06417465209961,148.31842041015625
-10.976619720458984,-27.8702449798584,148.30238342285156
-10.92169189453125,-27.669906616210938,148.27822875976562
-10.91275405883789,-27.45429229736328,148.2232666015625
-10.924925804138184,-27.13753890991211,148.1616668701172
-10.984585762023926,-26.8526611328125,148.13397216796875
-11.096083641052246,-26.769102096557617,148.1358184814453
-11.209407806396484,-26.623188018798828,148.12010192871094
-11.329062461853027,-26.37717056274414,148.0784454345703
-11.44211196899414,-26.053133010864258,148.01719665527344
-11.535013198852539,-25.96155548095703,147.99179077148438
-11.588703155517578,-25.89653968811035,147.9874725341797
-11.634503364562988,-25.742839813232422,147.98422241210938
-11.663103103637695,-25.564659118652344,147.9871063232422
-11.646834373474121,-25.36741828918457,147.99159240722656
-11.660099983215332,-25.189754486083984,147.99853515625
-11.718965530395508,-24.979084014892578,147.98141479492188
-11.836617469787598,-24.77704620361328,147.95582580566406
-12.0385103225708,-24.656343460083008,147.960205078125
-12.357397079467773,-24.526227951049805,147.93421936035156
-12.733274459838867,-24.262508392333984,147.85952758789062
-13.109721183776855,-24.013988494873047,147.79531860351562
-13.488123893737793,-23.67166519165039,147.6918182373047
-13.830324172973633,-23.33025550842285,147.56753540039062
-14.118422508239746,-22.94533920288086,147.3788299560547
-14.37244701385498,-22.34164047241211,147.0988311767578
-14.617752075195312,-22.209911346435547,146.99380493164062
-14.777292251586914,-21.92584800720215,146.7646026611328
-14.927214622497559,-21.682710647583008,146.53631591796875
-15.067485809326172,-21.382726669311523,146.2637939453125
-15.1883544921875,-21.01966667175293,145.95156860351562
-15.311261177062988,-20.739919662475586,145.67279052734375
-15.468829154968262,-20.53174591064453,145.45565795898438
-15.634839057922363,-20.632003784179688,145.3402862548828
-15.79099178314209,-20.39551544189453,145.0593719482422
-16.03974151611328,-20.25506019592285,144.84625244140625
-16.272146224975586,-19.892362594604492,144.55662536621094
-16.569805145263672,-19.709381103515625,144.29664611816406
-16.88616943359375,-19.48399543762207,144.0176544189453
-17.2117977142334,-19.189090728759766,143.73731994628906
-17.492477416992188,-18.70347785949707,143.3867950439453
-17.741424560546875,-18.17379379272461,143.01805114746094
-18.06075096130371,-18.142614364624023,142.8728790283203
-18.308170318603516,-17.79708480834961,142.59832763671875
-18.504056930541992,-17.422643661499023,142.322509765625
-18.64229965209961,-16.818145751953125,141.95596313476562
-18.788326263427734,-16.278175354003906,141.60342407226562
-18.93770980834961,-15.78956127166748,141.25396728515625
-19.09553337097168,-15.398591995239258,140.91270446777344
-19.271038055419922,-15.227118492126465,140.65003967285156
-19.386926651000977,-14.7627534866333,140.24554443359375
-19.467662811279297,-14.138949394226074,139.75418090820312
-19.611724853515625,-13.872559547424316,139.4145965576172
-19.743900299072266,-13.458626747131348,138.99794006347656
-19.807723999023438,-12.6456298828125,138.4051513671875
-19.9095458984375,-12.197303771972656,137.9754180908203
-19.90520477294922,-11.742278099060059,137.576416015625
-19.763343811035156,-11.14859676361084,137.17298889160156
-19.62495994567871,-10.6690673828125,136.81556701660156
-19.42307472229004,-10.011073112487793,136.381591796875
-19.17010498046875,-9.616280555725098,136.0413360595703
-18.852977752685547,-9.356420516967773,135.73605346679688
-18.63628387451172,-9.124377250671387,135.45277404785156
-18.447694778442383,-8.832045555114746,135.21279907226562
-18.422321319580078,-8.182705879211426,134.9725341796875
-18.505043029785156,-7.880278587341309,134.906005859375
-18.511259078979492,-7.420061111450195,134.99359130859375
-18.256895065307617,-6.975455284118652,135.21311950683594
-17.766437530517578,-6.690557479858398,135.526123046875
-17.547115325927734,-5.743378639221191,136.22732543945312
-18.36227798461914,-6.019934177398682,136.65138244628906
-19.724319458007812,-7.2333879470825195,137.0312042236328
-17.50529670715332,-3.280778169631958,139.93673706054688
-18.3308048248291,-1.8898228406906128,141.14256286621094
-19.24137306213379,-0.014555533416569233,142.3094024658203
-19.653606414794922,1.439955711364746,143.31829833984375
-19.929000854492188,3.0805389881134033,143.9314422607422
-20.031208038330078,5.476471424102783,144.65164184570312
-19.185272216796875,9.775333404541016,146.05084228515625
-17.844419479370117,14.699844360351562,147.69923400878906
-15.678317070007324,19.1889705657959,148.5899658203125
-13.640303611755371,22.32118034362793,149.28439331054688
-10.689208984375,26.606067657470703,149.75872802734375
-7.631234645843506,30.666091918945312,149.18936157226562
-4.64896297454834,35.83439636230469,147.85032653808594
-1.7428500652313232,42.175559997558594,145.72193908691406
0.8751351833343506,49.73021697998047,142.89976501464844
2.3666906356811523,57.94989013671875,139.0467987060547
3.0788424015045166,64.31658935546875,135.98123168945312
4.143661975860596,68.84461975097656,136.04933166503906
5.639706611633301,72.57431030273438,137.7121124267578
8.497292518615723,74.50967407226562,139.7924346923828
12.65225887298584,75.02324676513672,143.14955139160156
16.38453483581543,75.48445892333984,146.99696350097656
18.99651527404785,75.8673324584961,151.07400512695312
22.181503295898438,76.37010955810547,154.31748962402344
26.442848205566406,76.62326049804688,156.34486389160156
29.772796630859375,75.65131378173828,158.1899871826172
31.376190185546875,75.01383209228516,159.81594848632812
31.443201065063477,75.76197814941406,159.26930236816406
31.808849334716797,76.8538818359375,158.05191040039062
34.09016799926758,76.79779815673828,156.8055877685547
35.147132873535156,77.36567687988281,156.82472229003906
35.086605072021484,78.57701110839844,157.24945068359375
35.26270294189453,79.51585388183594,157.33547973632812
35.785865783691406,80.14763641357422,157.47079467773438
36.24760055541992,80.49649047851562,157.78466796875
36.77734375,81.04023742675781,158.77377319335938
36.76229476928711,81.47150421142578,159.9573974609375
36.056880950927734,81.75675201416016,160.8235321044922
35.094242095947266,82.32776641845703,161.6186065673828
34.21760177612305,83.07355499267578,162.09869384765625
33.53715133666992,83.76322937011719,161.88003540039062
32.79576110839844,84.14473724365234,161.17323303222656
31.862751007080078,84.58792877197266,160.72052001953125
30.699569702148438,85.16345977783203,160.46377563476562
29.293745040893555,85.6290283203125,160.05563354492188
27.681196212768555,85.87751007080078,159.3843994140625
26.170196533203125,86.08014678955078,158.8746337890625
24.652578353881836,86.07254028320312,158.42970275878906
23.18297004699707,85.80305480957031,157.97125244140625
21.684858322143555,85.31678009033203,157.5056915283203
20.318313598632812,84.83739471435547,157.13116455078125
19.165254592895508,84.41207885742188,156.82789611816406
18.084270477294922,83.81673431396484,156.38819885253906
17.008220672607422,82.97574615478516,155.80528259277344
16.414405822753906,82.7004165649414,155.04920959472656
15.998990058898926,82.5263900756836,154.2721710205078
15.414691925048828,81.33191680908203,153.72293090820312
14.667896270751953,80.10897827148438,153.1497344970703
33.440067291259766,61.01118850708008,146.99417114257812
35.44248962402344,64.37542724609375,145.02117919921875
35.61784744262695,65.16629791259766,143.69833374023438
31.892427444458008,60.22777557373047,143.94871520996094
26.499990463256836,57.05867385864258,144.472412109375
11.379961967468262,51.650245666503906,143.0241241455078
-7.637056350708008,42.3642578125,141.49725341796875
-7.412196636199951,41.765716552734375,140.86395263671875
-7.057668209075928,41.307559967041016,140.2452850341797
-8.603572845458984,44.39739227294922,141.5109405517578
-9.150298118591309,44.28325653076172,141.28517150878906
-9.600475311279297,44.226253509521484,141.0450897216797
-10.139589309692383,43.33729553222656,142.15512084960938
-10.309112548828125,43.038700103759766,142.4250946044922
-9.836274147033691,42.8153190612793,141.95547485351562
-10.225178718566895,41.43309783935547,142.78089904785156
-12.13137149810791,42.86078643798828,143.41482543945312
-10.28681755065918,44.961727142333984,141.7621612548828
-9.82250690460205,43.5255126953125,142.05531311035156
-9.985435485839844,43.99237823486328,143.1947784423828
-9.588109970092773,43.33147430419922,143.12535095214844
-9.128802299499512,42.69335174560547,143.03724670410156
-9.295376777648926,42.6943359375,143.49551391601562
-9.423425674438477,43.165557861328125,143.83900451660156
-8.652689933776855,43.77168273925781,143.4100341796875
-8.356858253479004,43.61583709716797,143.55636596679688
-8.334794044494629,45.0470085144043,143.3524932861328
-8.47271728515625,45.91136169433594,143.2384490966797
-8.531591415405273,46.084903717041016,143.4098358154297
-8.476375579833984,46.36636734008789,143.65501403808594
-8.299843788146973,46.336448669433594,143.89418029785156
-8.31758975982666,46.126007080078125,144.0042724609375
-8.736220359802246,46.440303802490234,144.2950439453125
-8.876358032226562,46.88558578491211,144.46697998046875
-8.566373825073242,47.2281608581543,144.26319885253906
-8.44536304473877,47.015323638916016,144.31201171875
-8.444872856140137,47.71816635131836,144.12954711914062
-8.454038619995117,48.42731857299805,143.94512939453125
-8.244513511657715,48.11079025268555,143.9921417236328
-8.24258041381836,48.250675201416016,144.16966247558594
-8.213861465454102,48.506011962890625,144.2823028564453
-8.109644889831543,48.66361618041992,144.3213348388672
-7.9943037033081055,48.68962860107422,144.60215759277344
-8.041845321655273,48.66487503051758,144.65542602539062
-7.8907694816589355,48.81421661376953,144.64891052246094
-7.803178787231445,48.95637893676758,144.6480712890625
-8.06871509552002,49.68243408203125,144.58718872070312
-8.159893989562988,49.96682357788086,144.59591674804688
-8.180549621582031,49.933143615722656,144.63677978515625
-8.299626350402832,50.041778564453125,144.6700897216797
-8.388439178466797,50.275840759277344,144.7261962890625
-8.409099578857422,50.42414474487305,144.793701171875
-8.210941314697266,50.25190734863281,144.89523315429688
-8.408435821533203,50.541893005371094,145.02532958984375
-8.399078369140625,50.64484405517578,145.07122802734375
-8.376622200012207,50.64358901977539,145.1438446044922
-8.792001724243164,50.77592468261719,145.22616577148438
-8.895490646362305,51.00008010864258,145.27772521972656
-8.762269020080566,51.27815628051758,145.3129119873047
-8.675594329833984,51.481788635253906,145.4623260498047
-8.687365531921387,51.69588088989258,145.5691375732422
-8.716668128967285,51.83952331542969,145.64634704589844
-8.669050216674805,51.88484191894531,145.7437286376953
-8.957651138305664,52.22945785522461,145.8692169189453
-9.138493537902832,52.40072250366211,145.9435577392578
-9.264066696166992,52.53379440307617,146.0013885498047
-9.685599327087402,52.67251968383789,145.9949188232422
-9.888320922851562,52.87525939941406,146.0082244873047
-10.001352310180664,52.98516082763672,145.99545288085938
-10.153936386108398,53.00785446166992,145.9595489501953
-10.286940574645996,53.02714538574219,145.92208862304688
-10.403657913208008,52.99489212036133,145.8749542236328
-10.451875686645508,52.80547332763672,145.81643676757812
-10.824213027954102,52.708213806152344,145.71641540527344
-11.098665237426758,52.51540756225586,145.61871337890625
-11.261427879333496,52.21480178833008,145.52420043945312
-11.566447257995605,51.93768310546875,145.39097595214844
-11.785776138305664,51.6339111328125,145.25990295410156
-12.026277542114258,51.14449691772461,145.0882568359375
-12.282788276672363,50.6004638671875,144.8909912109375
-12.345852851867676,50.242923736572266,144.71734619140625
-12.36854362487793,49.76963424682617,144.5170440673828
-12.373495101928711,49.30015182495117,144.3289794921875
-12.513297080993652,48.71586227416992,144.1360321044922
-12.598505020141602,48.0285530090332,143.9130401611328
-12.68691635131836,47.419349670410156,143.71583557128906
-12.851005554199219,46.741172790527344,143.46266174316406
-12.96788501739502,46.149627685546875,143.26231384277344
-13.1184663772583,45.48672103881836,143.04354858398438
-13.388203620910645,44.625885009765625,142.73768615722656
-13.693615913391113,43.715736389160156,142.4145965576172
-13.869668006896973,43.2421875,142.2541961669922
-14.119595527648926,42.497154235839844,142.0039825439453
-14.36718463897705,41.66299819946289,141.74295043945312
-14.563311576843262,40.827476501464844,141.470703125
-14.779473304748535,39.907615661621094,141.12001037597656
-14.94847583770752,38.93356704711914,140.7642822265625
-15.076386451721191,38.00185012817383,140.4550323486328
-15.156197547912598,37.106876373291016,140.17042541503906
-15.201287269592285,36.169212341308594,139.88514709472656
-15.17108154296875,35.22719955444336,139.61878967285156
-15.195960998535156,34.19783020019531,139.34230041503906
-15.236560821533203,33.25136947631836,139.12594604492188
-15.147465705871582,32.34056854248047,138.98997497558594
-15.139287948608398,31.528541564941406,138.92698669433594
-15.136819839477539,30.751766204833984,138.87637329101562
-15.14749813079834,29.396045684814453,138.6666259765625
-15.260016441345215,27.99502182006836,138.56890869140625
-15.3944730758667,27.011516571044922,138.51296997070312
-15.623470306396484,25.867551803588867,138.3538055419922
-15.756965637207031,24.729543685913086,138.2987823486328
-16.096460342407227,23.451322555541992,138.31594848632812
-16.259031295776367,22.340055465698242,138.38327026367188
-16.40851402282715,21.13920783996582,138.48536682128906
-16.634469985961914,20.09087562561035,138.7399444580078
-16.831920623779297,18.944765090942383,138.95692443847656
-16.896947860717773,17.62824058532715,139.22232055664062
-16.78957748413086,15.949779510498047,139.6439208984375
-16.59597396850586,14.450967788696289,139.83255004882812
-16.183780670166016,14.329072952270508,139.72921752929688
-16.012969970703125,13.27791690826416,139.78358459472656
-16.054874420166016,12.558760643005371,139.9375
-16.111982345581055,11.848321914672852,140.09022521972656
-16.030454635620117,10.874078750610352,140.24032592773438
-16.31623077392578,10.193825721740723,140.51663208007812
-16.71596908569336,9.734809875488281,140.71376037597656
-16.928308486938477,9.436834335327148,140.81179809570312
-17.037578582763672,9.072031021118164,141.12948608398438
-17.774364471435547,8.513492584228516,141.6590576171875
-18.09821128845215,8.091910362243652,141.6676788330078
-18.14405059814453,7.751471996307373,141.74610900878906
-18.38373374938965,7.501211166381836,141.89012145996094
-18.581220626831055,6.856474876403809,141.91424560546875
-17.778364181518555,6.390850067138672,141.94778442382812
-17.698726654052734,5.964241027832031,141.99365234375
-17.814144134521484,5.578766345977783,142.03720092773438
-17.958599090576172,5.154980659484863,142.20346069335938
-17.96316146850586,4.602001190185547,142.77020263671875
-18.261062622070312,3.9423582553863525,142.83984375
-18.40126609802246,3.810208559036255,142.83558654785156
-18.520973205566406,3.49674654006958,143.005859375
-18.80575942993164,3.4302315711975098,143.08877563476562
-18.659561157226562,3.243029832839966,143.12559509277344
-18.375017166137695,3.0406606197357178,143.15184020996094
-18.6427001953125,2.961329936981201,143.22122192382812
-18.970922470092773,2.7902708053588867,143.37046813964844
-19.0307559967041,2.5625662803649902,143.494873046875
-19.12982940673828,2.8503823280334473,143.69618225097656
-19.110754013061523,2.7898926734924316,144.0346221923828
-19.097423553466797,2.449355125427246,144.1070098876953
-19.13397789001465,2.4093520641326904,144.11273193359375
-19.31600570678711,2.4500391483306885,144.2318878173828
-19.44359016418457,2.364506959915161,144.23951721191406
-19.47541618347168,2.2447211742401123,144.20425415039062
-18.886816024780273,2.1622893810272217,144.3420867919922
-18.823854446411133,2.1982674598693848,144.31210327148438
-18.726882934570312,2.2573301792144775,144.28677368164062
-18.242996215820312,2.303290843963623,144.3545684814453
-18.476478576660156,2.410399913787842,144.70724487304688
-18.595165252685547,2.437843084335327,144.7033233642578
-18.495445251464844,2.5035271644592285,144.75543212890625
-18.594675064086914,2.6653995513916016,144.7950897216797
-18.732791900634766,2.843423843383789,144.8250732421875
-18.587017059326172,3.0617637634277344,144.8377227783203
-18.218570709228516,3.3401987552642822,144.8506622314453
-18.306766510009766,3.6727170944213867,144.89930725097656
-18.13022232055664,3.964801073074341,144.79913330078125
-17.73967933654785,4.314186096191406,144.74815368652344
-17.690587997436523,4.69501256942749,144.7733154296875
-17.61631202697754,5.093336582183838,144.8027801513672
-17.555456161499023,5.483081340789795,144.80360412597656
-17.4475040435791,5.933464527130127,144.73609924316406
-17.254880905151367,6.307851791381836,144.6141815185547
-16.837438583374023,6.5876030921936035,144.497314453125
-16.180280685424805,6.85934591293335,144.41934204101562
-15.838467597961426,7.164150714874268,144.30540466308594
-15.33951473236084,7.309610366821289,144.2346954345703
-14.889942169189453,7.465220928192139,144.15806579589844
-14.650786399841309,7.744561672210693,144.10379028320312
-14.482816696166992,7.942159652709961,144.0213623046875
-14.306371688842773,8.120400428771973,143.9910125732422
-14.214808464050293,8.363798141479492,144.03887939453125
-14.146537780761719,8.628886222839355,144.08554077148438
-14.064218521118164,8.87514591217041,144.0882110595703
-13.934226036071777,9.125449180603027,144.0972442626953
-13.698884010314941,9.486818313598633,144.1190185546875
-13.64667797088623,9.790613174438477,144.0706787109375
-13.692328453063965,9.9592866897583,144.27647399902344
-13.664063453674316,10.306721687316895,144.27793884277344
-13.49007511138916,10.53581428527832,144.28221130371094
-13.264327049255371,10.694952011108398,144.31124877929688
-13.009332656860352,10.809149742126465,144.3582305908203
-12.715136528015137,10.891258239746094,144.41497802734375
-12.486483573913574,10.903717041015625,144.5004119873047
-12.316473007202148,10.941834449768066,144.6272430419922
-12.164748191833496,11.01315975189209,144.5587158203125
-11.834099769592285,11.022257804870605,144.52255249023438
-11.748127937316895,10.883953094482422,144.73512268066406
-11.665419578552246,10.903687477111816,144.69491577148438
-11.59274959564209,10.91676139831543,144.65931701660156
-11.53282356262207,10.898296356201172,144.66331481933594
-11.471322059631348,10.83952522277832,144.705810546875
-11.296163558959961,10.687126159667969,144.6999969482422
-11.16441822052002,10.585077285766602,144.7053985595703
-11.112698554992676,10.351025581359863,144.83050537109375
-11.009259223937988,10.248068809509277,144.89120483398438
-10.788516998291016,9.96835708618164,144.99322509765625
-10.529012680053711,9.646263122558594,145.11026000976562
-10.35268783569336,9.358781814575195,145.2481231689453
-10.230315208435059,9.035446166992188,145.32485961914062
-10.088353157043457,8.671894073486328,145.4478759765625
-9.984458923339844,8.34634780883789,145.61822509765625
-9.987346649169922,8.096661567687988,145.75027465820312
-9.945144653320312,7.758527755737305,145.8667755126953
-9.95872688293457,7.502765655517578,145.97698974609375
-10.096861839294434,7.378259658813477,146.0523223876953
-10.199895858764648,7.076475143432617,146.14694213867188
-10.304511070251465,6.714818477630615,146.23712158203125
-10.488673210144043,6.544445514678955,146.2650909423828
-10.57763671875,6.328358173370361,146.2921142578125
-10.632262229919434,5.91287899017334,146.314453125
-10.579936981201172,5.512086868286133,146.37928771972656
-10.506453514099121,5.1247358322143555,146.38682556152344
-10.423263549804688,4.762186527252197,146.40609741210938
-10.462495803833008,4.305512428283691,146.4907989501953
-10.548486709594727,3.907489776611328,146.5153045654297
-10.48028564453125,3.52860164642334,146.48858642578125
-10.564291954040527,3.1535067558288574,146.5353546142578
-10.754688262939453,2.6682803630828857,146.52748107910156
-10.969507217407227,2.194826126098633,146.46197509765625
-11.211922645568848,1.8009178638458252,146.40374755859375
-11.35869026184082,1.7536299228668213,146.4164581298828
-11.545028686523438,1.3766716718673706,146.29014587402344
-11.792717933654785,0.9334046244621277,146.1604766845703
-12.054338455200195,0.6812580227851868,146.119384765625
-12.36375904083252,0.3446216285228729,145.9574737548828
-12.445470809936523,0.008313262835144997,145.80712890625
-12.658339500427246,-0.39540210366249084,145.69781494140625
-12.915376663208008,-0.8048375844955444,145.6073760986328
-13.117008209228516,-1.2470041513442993,145.47283935546875
-13.272502899169922,-1.8785998821258545,145.23095703125
-13.506671905517578,-2.486309289932251,145.04367065429688
-13.721121788024902,-2.9838497638702393,144.8317108154297
-13.841285705566406,-3.724303960800171,144.53671264648438
-13.980896949768066,-4.481413841247559,144.23928833007812
-14.156425476074219,-5.336394309997559,143.91477966308594
-14.292628288269043,-5.735646724700928,143.75796508789062
-14.595471382141113,-6.322944164276123,143.61181640625
-14.974903106689453,-7.159486293792725,143.4088592529297
-15.187010765075684,-7.929784774780273,143.21981811523438
-15.405194282531738,-8.846673965454102,143.02957153320312
-15.502503395080566,-9.294403076171875,142.950927734375
-15.679398536682129,-10.290314674377441,142.7941131591797
-15.538493156433105,-11.281229972839355,142.58299255371094
-15.625348091125488,-12.271543502807617,142.5529327392578
-15.704198837280273,-13.157408714294434,142.5189208984375
-15.639188766479492,-14.25678825378418,142.40879821777344
-15.642838478088379,-15.288369178771973,142.4408416748047
-15.768695831298828,-16.264232635498047,142.59767150878906
-15.881051063537598,-17.3012638092041,142.7530517578125
-15.90300464630127,-18.273035049438477,142.84141540527344
-16.118070602416992,-19.179716110229492,143.0885467529297
-16.468229293823242,-20.208168029785156,143.30535888671875
-16.74557113647461,-21.058731079101562,143.54315185546875
-17.082189559936523,-21.89826774597168,143.77198791503906
-17.464366912841797,-22.816722869873047,144.00123596191406
-17.667394638061523,-23.785120010375977,144.10040283203125
-18.080549240112305,-24.315229415893555,144.32571411132812
-18.635181427001953,-25.21001434326172,144.7133331298828
-18.967857360839844,-25.7634220123291,144.8505401611328
-19.223228454589844,-26.742639541625977,144.96603393554688
-19.44775390625,-27.639841079711914,145.05479431152344
-19.659181594848633,-28.51494598388672,145.1375274658203
-19.824724197387695,-28.943330764770508,145.1526336669922
-20.171573638916016,-29.56305503845215,145.40817260742188
-20.546001434326172,-30.07119369506836,145.5439453125
-20.715473175048828,-30.556596755981445,145.60867309570312
-20.851633071899414,-31.15786361694336,145.86834716796875
-21.393672943115234,-31.82476806640625,146.39529418945312
-21.67970848083496,-32.375389099121094,146.37344360351562
-22.027055740356445,-33.0135383605957,146.4525146484375
-22.374263763427734,-33.389156341552734,146.56332397460938
-22.80011749267578,-33.535457611083984,146.3887481689453
-22.89150047302246,-33.80225372314453,146.2900390625
-22.767833709716797,-34.27345657348633,146.32936096191406
-23.035594940185547,-34.72547149658203,146.45103454589844
-23.152372360229492,-35.240455627441406,146.42970275878906
-23.1484375,-35.8347282409668,146.30352783203125
-23.465824127197266,-36.54296112060547,146.5914764404297
-23.607242584228516,-36.90996551513672,146.40185546875
-23.642011642456055,-37.08795166015625,146.26504516601562
-23.641517639160156,-37.296653747558594,146.1450958251953
-23.637292861938477,-37.458038330078125,146.0371856689453
-23.63450050354004,-37.59016036987305,145.94432067871094
-23.69735336303711,-37.662925720214844,145.87588500976562
-23.997962951660156,-37.819236755371094,145.8537139892578
-23.810935974121094,-37.96600341796875,145.79620361328125
-23.87771987915039,-37.957576751708984,145.80381774902344
-24.123748779296875,-38.17733383178711,146.0426788330078
-24.265050888061523,-37.99987030029297,145.89540100097656
-24.299217224121094,-37.982173919677734,145.78514099121094
-24.4594669342041,-37.77358627319336,145.79896545410156
-24.633657455444336,-37.7918586730957,145.6081085205078
-24.655868530273438,-37.795166015625,145.4744415283203
-24.567806243896484,-37.74431610107422,145.41452026367188
-24.47041893005371,-37.71570587158203,145.36001586914062
-24.369295120239258,-37.77252960205078,145.2840118408203
-24.170597076416016,-37.89997482299805,145.15985107421875
-24.22873878479004,-38.07249450683594,145.34291076660156
-24.271413803100586,-37.93202590942383,145.1220703125
-24.141096115112305,-37.91304016113281,145.0558319091797
-23.960939407348633,-37.9030647277832,145.02418518066406
-24.064361572265625,-37.74773025512695,144.96978759765625
-23.81496238708496,-37.62660598754883,144.91055297851562
-23.553951263427734,-37.53678512573242,144.91212463378906
-23.583431243896484,-37.433170318603516,144.9769744873047
-23.5024356842041,-37.04612350463867,144.8523712158203
-23.47441291809082,-36.793087005615234,144.80084228515625
-23.685626983642578,-36.66314697265625,145.01060485839844
-23.769590377807617,-36.15195846557617,144.93055725097656
-23.741992950439453,-35.761573791503906,144.8769073486328
-23.820648193359375,-35.314178466796875,144.88961791992188
-23.799814224243164,-34.82518005371094,144.84556579589844
-23.666166305541992,-34.335838317871094,144.7318878173828
-23.5723876953125,-33.81993103027344,144.63731384277344
-23.530696868896484,-33.29351043701172,144.54249572753906
-23.358177185058594,-32.65324783325195,144.2945098876953
-23.120136260986328,-31.924259185791016,144.00778198242188
-22.83172035217285,-31.120563507080078,143.68453979492188
-22.515195846557617,-30.29572868347168,143.30630493164062
-22.14971160888672,-29.474838256835938,142.86253356933594
-21.755146026611328,-28.65123176574707,142.3789825439453
-21.336238861083984,-27.670392990112305,141.8238983154297
-20.782278060913086,-26.907312393188477,141.13937377929688
-20.19044303894043,-25.99549674987793,140.37368774414062
-19.683753967285156,-25.07828712463379,139.53244018554688
-19.169687271118164,-24.034902572631836,138.5853271484375
-18.658327102661133,-23.104211807250977,137.56735229492188
-18.185653686523438,-21.907590866088867,136.49984741210938
-17.749055862426758,-20.861621856689453,135.3197784423828
-17.37682342529297,-19.908578872680664,134.02053833007812
-17.057918548583984,-18.94851303100586,132.6284637451172
-16.76609992980957,-18.210954666137695,131.17198181152344
-16.47904396057129,-17.274398803710938,129.74612426757812
-16.284061431884766,-16.333072662353516,128.3447265625
-16.35735321044922,-15.803923606872559,126.9151382446289
-16.36508560180664,-15.318465232849121,125.35836029052734
-16.359111785888672,-14.947566986083984,123.75088500976562
-16.50373649597168,-14.602462768554688,122.15718841552734
-16.834829330444336,-14.218720436096191,120.60291290283203
-17.239505767822266,-13.818753242492676,119.0641860961914
-17.698057174682617,-13.520030975341797,117.53177642822266
-18.212459564208984,-13.331754684448242,116.02726745605469
-18.84092140197754,-13.244558334350586,114.63545989990234
-19.661623001098633,-13.133709907531738,113.30109405517578
-20.42137908935547,-13.078495979309082,111.98029327392578
-21.220661163330078,-13.08130168914795,110.80362701416016
-22.050947189331055,-13.175415992736816,109.63094329833984
-22.856151580810547,-13.320536613464355,108.48161315917969
-23.628116607666016,-13.234039306640625,107.4254379272461
-24.383535385131836,-13.326417922973633,106.38092041015625
-25.051937103271484,-13.618377685546875,105.31680297851562
-25.64766502380371,-13.952816009521484,104.29573059082031
-26.259029388427734,-14.332474708557129,103.38289642333984
-26.941926956176758,-14.712912559509277,102.51154327392578
-27.575515747070312,-15.009291648864746,101.7147216796875
-28.219833374023438,-15.272855758666992,101.0009536743164
-28.86920738220215,-15.61691665649414,100.2999038696289
-29.514659881591797,-16.033260345458984,99.68927001953125
-30.15998077392578,-16.367835998535156,99.20262908935547
-30.79471778869629,-16.557344436645508,98.81253051757812
-31.30913734436035,-16.9743595123291,98.38448333740234
-31.797252655029297,-17.216588973999023,98.08519744873047
-32.22593688964844,-17.362077713012695,97.87187957763672
-32.578338623046875,-17.535234451293945,97.6954345703125
-32.86075210571289,-17.724576950073242,97.54795837402344
-33.11288833618164,-17.70261573791504,97.4979248046875
-33.28110885620117,-17.719268798828125,97.44356536865234
-33.33625030517578,-17.696352005004883,97.40664672851562
-33.28771209716797,-17.704936981201172,97.37899780273438
-33.146121978759766,-17.65235137939453,97.40045166015625
-32.98054885864258,-17.55339241027832,97.4327392578125
-32.773460388183594,-17.437273025512695,97.48454284667969
-32.46480178833008,-17.314502716064453,97.53536987304688
-32.19487380981445,-17.268497467041016,97.5953598022461
-31.916065216064453,-17.246387481689453,97.66119384765625
-31.618915557861328,-17.26761817932129,97.73522186279297
-31.356042861938477,-17.29129409790039,97.82219696044922
-31.140459060668945,-17.402803421020508,97.919921875
-30.959646224975586,-17.584732055664062,98.02529907226562
-30.865253448486328,-17.765151977539062,98.1460952758789
-30.893341064453125,-17.913270950317383,98.28498077392578
-30.958097457885742,-18.08311653137207,98.39950561523438
-30.968612670898438,-18.17220687866211,98.48118591308594
-31.1253662109375,-18.220428466796875,98.56440734863281
-31.158626556396484,-18.13616180419922,98.60400390625
-31.098949432373047,-17.916757583618164,98.60492706298828
-31.01451873779297,-17.657522201538086,98.60508728027344
-30.945281982421875,-17.48187255859375,98.63731384277344
-30.824159622192383,-17.27960205078125,98.66728973388672
-30.618148803710938,-17.01184844970703,98.68184661865234
-30.556541442871094,-16.81934356689453,98.71855163574219
-30.428028106689453,-16.63677406311035,98.73897552490234
-30.118654251098633,-16.255050659179688,98.68464660644531
-30.003328323364258,-16.08599090576172,98.66741180419922
-29.904592514038086,-15.939032554626465,98.63941955566406
-29.808244705200195,-15.806241035461426,98.60870361328125
-29.73061180114746,-15.639327049255371,98.57146453857422
-29.624942779541016,-15.550337791442871,98.54952239990234
-29.487642288208008,-15.280625343322754,98.48004913330078
-29.297286987304688,-14.950783729553223,98.4018783569336
-29.3043212890625,-14.73172378540039,98.38827514648438
-29.203907012939453,-14.427836418151855,98.33291625976562
-28.817279815673828,-13.909317016601562,98.19924926757812
-28.80664825439453,-13.65188217163086,98.17041015625
-28.668336868286133,-13.362443923950195,98.12029266357422
-28.500513076782227,-13.094911575317383,98.06047058105469
-28.395851135253906,-12.867228507995605,97.99952697753906
-28.432044982910156,-12.727737426757812,97.9581527709961
-28.36241340637207,-12.522539138793945,97.86587524414062
-28.241920471191406,-12.258552551269531,97.75525665283203
-28.13431739807129,-11.985702514648438,97.6407470703125
-28.076108932495117,-11.816600799560547,97.56670379638672
-27.776512145996094,-11.474858283996582,97.38904571533203
-27.637296676635742,-11.131575584411621,97.21693420410156
-27.596288681030273,-10.851341247558594,97.09115600585938
-27.477313995361328,-10.56401252746582,96.93933868408203
-27.45064353942871,-10.385716438293457,96.8113021850586
-27.551233291625977,-10.252131462097168,96.7001953125
-27.397951126098633,-9.95932674407959,96.52648162841797
-27.42230224609375,-9.867280006408691,96.40863037109375
-27.544679641723633,-9.765325546264648,96.31119537353516
-27.531917572021484,-9.553863525390625,96.16686248779297
-27.486839294433594,-9.279236793518066,96.0103530883789
-27.441211700439453,-8.997628211975098,95.86414337158203
-27.357646942138672,-8.687579154968262,95.71537780761719
-27.172061920166016,-8.354853630065918,95.5552978515625
-27.191640853881836,-8.068257331848145,95.42774963378906
-27.190593719482422,-7.823492050170898,95.33104705810547
-27.200647354125977,-7.535301208496094,95.17304229736328
-27.16567039489746,-7.105747222900391,94.94081115722656
-27.136165618896484,-6.822507381439209,94.78652954101562
-26.994604110717773,-6.478456020355225,94.57945251464844
-26.864456176757812,-6.184579849243164,94.37451171875
-26.81917953491211,-6.066543102264404,94.23680877685547
-26.870437622070312,-5.929584503173828,94.07467651367188
-26.800060272216797,-5.762967109680176,93.88419342041016
-26.640445709228516,-5.643966197967529,93.70993041992188
-26.608959197998047,-5.6308979988098145,93.58247375488281
-26.50627326965332,-5.619314193725586,93.47213745117188
-26.351837158203125,-5.463003635406494,93.3210678100586
-26.095733642578125,-5.295208930969238,93.15695190429688
-25.80813217163086,-5.179787635803223,93.01923370361328
-25.70880699157715,-5.144534111022949,92.9623031616211
-25.628896713256836,-4.997347354888916,92.87308502197266
-25.558120727539062,-4.855025291442871,92.7841567993164
-25.467639923095703,-4.727136611938477,92.66925811767578
-25.21394920349121,-4.544317722320557,92.51885986328125
-25.1788330078125,-4.489692211151123,92.42575073242188
-25.166452407836914,-4.480978965759277,92.34272766113281
-25.142574310302734,-4.460312366485596,92.23924255371094
-25.108966827392578,-4.4647297859191895,92.12647247314453
-25.08256721496582,-4.521621227264404,92.02890014648438
-25.020299911499023,-4.5661234855651855,91.91380310058594
-25.01426887512207,-4.596571445465088,91.81145477294922
-25.097352981567383,-4.647497653961182,91.74335479736328
-25.186426162719727,-4.6327948570251465,91.6643295288086
-25.260425567626953,-4.520620822906494,91.55349731445312
-25.324350357055664,-4.430279731750488,91.44956970214844
-25.39115333557129,-4.444607257843018,91.40560913085938
-25.453489303588867,-4.387014389038086,91.34459686279297
